1 1947
1 1948
1 1949
1 1950
1 1951
1 1952
1 305
1 1953
1 1954
1 1955
1 1956
2 1251
2 7814
2 7815
2 7816
2 7817
2 7818
3 8340
3 8341
3 5983
3 8342
3 8343
3 8344
4 1181
4 2952
4 2953
4 2445
4 2954
4 2955
4 1046
4 2956
4 2957
5 7277
5 5951
5 990
5 8228
5 8229
5 8230
6 3836
6 3837
6 3838
6 3839
6 3840
6 3841
6 3842
6 3843
7 6393
7 6394
7 6395
7 6396
7 6397
7 6398
8 5579
8 5580
8 5581
8 5582
8 5287
8 4445
8 5583
9 1360
9 16
9 244
9 1361
9 1362
9 17
9 1363
9 1364
9 1365
9 1366
9 1367
9 1368
10 7252
10 7253
10 7254
10 7255
10 649
10 7256
11 7106
11 7107
11 7108
11 7109
11 1995
11 7110
12 5573
12 5574
12 5575
12 5576
12 5577
12 4382
12 5578
13 3404
13 2558
13 3405
13 3406
13 3407
13 3408
13 3006
13 3409
14 2185
14 3376
14 3377
14 3378
14 3379
14 3380
14 3381
14 3382
15 1067
15 1068
15 1069
15 1070
15 1071
15 1072
15 1073
15 1074
15 1075
15 1076
15 1077
15 1078
15 1079
15 1080
16 8036
16 8037
16 3539
16 2076
16 8038
16 8039
17 2585
17 2586
17 2587
17 2588
17 2589
17 2590
17 2591
17 2592
17 2593
17 2594
18 1393
18 1394
18 1395
18 1396
18 1397
18 1398
18 1399
18 1400
18 1401
18 1402
18 1403
18 1404
19 8075
19 8076
19 4471
19 8077
19 8078
19 8079
20 4616
20 4617
20 4618
20 4619
20 4620
20 4621
20 4622
21 7961
21 7962
21 2319
21 3147
21 7963
21 7964
22 4389
22 4390
22 4391
22 4392
22 4393
22 2079
22 4394
22 4395
23 7531
23 7532
23 1572
23 7533
23 7534
23 7535
24 4745
24 4746
24 4747
24 4748
24 4749
24 4750
24 1104
25 4535
25 4536
25 4537
25 4538
25 4539
25 4540
25 4541
26 7446
26 3893
26 7447
26 7448
26 7449
26 7450
27 4751
27 4752
27 4753
27 4754
27 4755
27 4756
27 4757
28 8242
28 8243
28 8244
28 8245
28 8246
28 8247
29 3218
29 3219
29 3220
29 3221
29 3222
29 3223
29 3224
29 3225
29 3226
30 1212
30 1213
30 1214
30 1215
30 1216
30 1217
30 1218
30 1219
30 1220
30 1221
30 1222
30 1223
30 1224
31 6597
31 4477
31 6598
31 6599
31 6600
31 6601
32 5209
32 5210
32 5211
32 5212
32 5213
32 5214
32 5215
33 2205
33 2206
33 1018
33 2207
33 2208
33 2209
33 2210
33 2211
33 2212
33 2213
34 6299
34 6300
34 926
34 6301
34 6302
34 6303
35 5500
35 5501
35 5502
35 1557
35 1945
35 5503
35 5504
36 7289
36 7290
36 7291
36 6954
36 4429
36 7292
37 6990
37 6991
37 6992
37 6993
37 6994
37 6995
38 1845
38 1846
38 1847
38 1848
38 1849
38 1850
38 1851
38 1852
38 1853
38 1854
38 1855
39 7309
39 7310
39 5864
39 344
39 7311
39 7312
40 4803
40 4804
40 4805
40 4806
40 4807
40 4808
40 4809
41 3291
41 3292
41 1580
41 1046
41 2450
41 3293
41 3294
41 3295
41 3296
42 5121
42 5122
42 1636
42 5123
42 5124
42 1104
42 1891
43 5012
43 5013
43 3636
43 2646
43 2076
43 5014
43 5015
44 1312
44 1313
44 1314
44 1315
44 1316
44 1317
44 1318
44 1319
44 1320
44 1321
44 1322
44 1323
45 5216
45 5217
45 4713
45 5218
45 5219
45 597
45 5220
46 5276
46 5277
46 5278
46 5279
46 5280
46 5281
46 5282
47 8625
47 8626
47 2489
47 7398
47 3636
48 8550
48 8551
48 8552
48 8553
48 8554
49 7835
49 3412
49 3162
49 7836
49 7837
49 7838
50 8654
50 8655
50 8656
50 8657
50 8658
51 2459
51 2460
51 2461
51 542
51 2462
51 2463
51 2464
51 2465
51 2466
51 2467
52 8685
52 8686
52 1725
52 8687
52 8688
53 1478
53 2326
53 1817
53 2327
53 2328
53 2329
53 2330
53 2331
53 2332
53 2333
54 3919
54 2004
54 5256
54 5257
54 3539
54 5258
54 5259
55 7689
55 7690
55 7691
55 1287
55 7692
55 7693
56 3361
56 3362
56 3363
56 3364
56 3365
56 3366
56 3367
56 3368
57 3438
57 7601
57 2952
57 7602
57 7603
57 7604
58 917
58 918
58 919
58 920
58 921
58 922
58 923
58 924
58 925
58 926
58 927
58 928
58 65
58 929
58 930
59 17
59 1557
59 2958
59 2959
59 2960
59 2961
59 2962
59 2963
59 2964
60 5403
60 5404
60 5405
60 5406
60 5407
60 5408
60 1310
61 5397
61 5398
61 5399
61 5400
61 5401
61 5402
61 3842
62 8214
62 8215
62 8216
62 7196
62 8217
62 8218
63 4927
63 4928
63 4929
63 4930
63 4931
63 800
63 4932
64 2654
64 2655
64 2656
64 2657
64 1529
64 2658
64 2659
64 2660
64 2661
65 8149
65 8150
65 3465
65 8151
65 8152
65 8153
66 161
66 5144
66 4104
66 666
66 4022
66 5145
66 5146
67 8154
67 8155
67 2860
67 3539
67 8156
67 8157
68 8589
68 8590
68 8591
68 8592
68 8593
69 4190
69 4191
69 4192
69 4193
69 4194
69 4195
69 4196
69 4197
70 1300
70 1301
70 1302
70 1303
70 1304
70 1305
70 1306
70 642
70 1307
70 1308
70 1309
70 1310
70 1311
71 8531
71 8532
71 8533
71 6838
71 8534
72 6602
72 2952
72 6603
72 3783
72 6604
72 6605
73 6529
73 6530
73 2943
73 6531
73 6532
73 6533
74 4100
74 6541
74 6542
74 1539
74 6543
74 6544
75 6126
75 6127
75 6128
75 6129
75 6130
75 6131
76 1670
76 1671
76 1672
76 1673
76 1674
76 1675
76 1676
76 1677
76 1678
76 1679
76 1680
77 5071
77 5072
77 5073
77 5074
77 4740
77 5075
77 5076
78 240
78 241
78 242
78 243
78 244
78 245
78 246
78 247
78 240
78 40
78 248
78 249
78 250
78 251
78 252
78 253
78 166
78 254
78 255
78 256
78 257
78 258
78 259
78 65
78 260
78 261
78 262
78 263
78 264
78 265
78 65
78 266
78 267
78 268
78 269
78 270
78 271
78 272
78 273
78 274
78 275
78 276
78 277
78 278
78 279
79 1369
79 1370
79 1371
79 1372
79 1373
79 1374
79 1375
79 1376
79 1377
79 1378
79 1379
79 1380
80 1712
80 1713
80 1714
80 1715
80 1716
80 1717
80 1718
80 1719
80 1720
80 1721
80 1722
81 3844
81 3845
81 1862
81 3846
81 2218
81 3847
81 3848
81 3849
82 5132
82 3935
82 5133
82 5134
82 5135
82 5136
82 5137
83 6804
83 1979
83 6805
83 6806
83 6807
83 6808
84 3863
84 3864
84 3865
84 3866
84 3867
84 3868
84 3869
84 3870
85 6715
85 6716
85 6717
85 6718
85 1726
85 6719
86 3268
86 3269
86 3270
86 3271
86 743
86 3272
86 3273
86 3274
86 3275
87 6782
87 6783
87 1014
87 6784
87 5623
87 6785
88 4978
88 4979
88 4980
88 4981
88 4982
88 4983
88 4984
89 8499
89 8500
89 8501
89 8502
89 8503
90 2271
90 2272
90 2273
90 2274
90 2275
90 2276
90 2277
90 2278
90 2279
90 2280
91 4789
91 4790
91 4791
91 4792
91 4793
91 4794
91 4795
92 8526
92 8527
92 8528
92 8529
92 8530
93 8680
93 8681
93 8682
93 8683
93 8684
94 1175
94 3973
94 3974
94 3975
94 3976
94 3977
94 3978
94 3979
95 4867
95 4868
95 4869
95 4870
95 4871
95 3910
95 4872
96 4218
96 4219
96 4220
96 4221
96 4222
96 4223
96 4224
96 4225
97 1918
97 6084
97 6085
97 6086
97 6087
97 6088
98 4885
98 3011
98 4886
98 4523
98 4887
98 4888
98 4889
99 5977
99 5978
99 5979
99 5980
99 5981
99 5982
100 6019
100 6020
100 6021
100 6022
100 6023
100 6024
101 6146
101 6147
101 6148
101 1942
101 6149
101 6150
102 7149
102 7150
102 7151
102 7152
102 65
102 7153
103 4916
103 144
103 4917
103 3092
103 4918
103 425
103 4919
104 608
104 609
104 610
104 611
104 612
104 613
104 614
104 615
104 616
104 617
104 618
104 619
104 620
104 621
104 622
104 623
104 624
104 625
104 626
105 2943
105 2944
105 2945
105 2946
105 2947
105 2948
105 2949
105 2950
105 2951
106 4475
106 4476
106 3248
106 4477
106 4478
106 4479
106 189
106 4480
107 6266
107 6267
107 6268
107 6269
107 6270
107 6271
108 4940
108 4941
108 2505
108 4942
108 4943
108 4944
108 4945
109 6554
109 6922
109 6923
109 6924
109 6925
109 6926
110 4873
110 4874
110 4875
110 4876
110 4877
110 4878
110 4879
111 5269
111 5270
111 5271
111 5272
111 5273
111 5274
111 5275
112 2926
112 2927
112 2928
112 2929
112 2930
112 2931
112 1862
112 2932
112 2933
113 1792
113 1793
113 1794
113 1795
113 1796
113 1797
113 1798
113 1799
113 1800
113 1801
113 1802
114 2965
114 2966
114 2967
114 2968
114 2969
114 2970
114 2971
114 1713
114 2972
115 4256
115 4257
115 4258
115 4259
115 4260
115 4261
115 4262
115 4263
116 4375
116 4376
116 4377
116 4378
116 4379
116 2819
116 4380
116 4381
117 6809
117 209
117 6810
117 6811
117 6812
117 6813
118 6862
118 4612
118 6863
118 6864
118 6865
118 6866
119 4304
119 4305
119 4306
119 2771
119 4307
119 4308
119 4309
119 4310
120 7237
120 2899
120 1825
120 7238
120 7239
120 7240
121 814
121 4271
121 4272
121 4273
121 4274
121 4275
121 4276
121 4277
122 6363
122 7349
122 7350
122 7351
122 2562
122 7352
123 37
123 5564
123 7329
123 7330
123 7331
123 7332
124 7096
124 7097
124 7098
124 1278
124 7099
124 1447
125 7165
125 1827
125 5003
125 7166
125 7167
125 7168
126 6014
126 6015
126 6016
126 6017
126 3174
126 6018
127 5543
127 5544
127 5545
127 5546
127 5547
127 5548
127 5549
128 3718
128 3719
128 3720
128 3721
128 1960
128 3722
128 3723
128 3724
129 3567
129 3568
129 3569
129 3570
129 3571
129 895
129 3572
129 3573
130 6633
130 6634
130 1044
130 1354
130 6635
130 6636
131 5227
131 5228
131 5229
131 5230
131 5231
131 5232
131 5233
132 5239
132 5240
132 5241
132 5242
132 4882
132 5243
132 5244
133 6484
133 6485
133 6486
133 6487
133 6488
133 6489
134 5176
134 5177
134 5178
134 5179
134 5180
134 5181
134 5182
135 8330
135 3185
135 8331
135 6589
135 8332
135 8333
136 1251
136 3059
136 3060
136 3061
136 2560
136 2318
136 3062
136 3063
136 3064
137 8098
137 8099
137 8100
137 8101
137 8102
137 8103
138 1905
138 1906
138 1907
138 1908
138 1909
138 1910
138 1911
138 1912
138 1913
138 1914
138 1915
139 511
139 282
139 5353
139 5354
139 5355
139 5356
139 5357
140 7632
140 7633
140 7634
140 7635
140 7636
140 7637
141 7718
141 7719
141 7720
141 5585
141 7721
141 7722
142 7572
142 7573
142 7574
142 3244
142 7575
142 7576
143 2148
143 2149
143 2150
143 2151
143 2152
143 2153
143 2154
143 2155
143 2156
143 2157
144 715
144 716
144 717
144 718
144 719
144 720
144 721
144 722
144 723
144 724
144 725
144 726
144 727
144 728
144 729
144 730
144 677
145 7443
145 1656
145 3539
145 7444
145 7445
145 1466
146 1081
146 1082
146 1083
146 1084
146 1085
146 1086
146 1087
146 1088
146 1089
146 1090
146 1091
146 1092
146 1093
146 1094
147 1251
147 1252
147 1253
147 45
147 1254
147 1255
147 1256
147 498
147 1257
147 1258
147 1259
147 1260
147 1261
148 7516
148 7517
148 7518
148 7519
148 7520
148 7521
149 7986
149 7987
149 7988
149 3011
149 4434
149 7989
150 7933
150 7934
150 7935
150 7936
150 7937
150 4445
151 8064
151 8065
151 7151
151 5919
151 1208
151 8066
152 4643
152 3811
152 4644
152 4645
152 4646
152 2934
152 4647
153 1314
153 1479
153 4653
153 2254
153 4654
153 4655
153 4656
154 3919
154 8031
154 8032
154 8033
154 8034
154 8035
155 3345
155 3346
155 3347
155 2994
155 3348
155 3349
155 2987
155 3350
155 3351
156 445
156 2383
156 7911
156 7912
156 996
156 7913
157 3871
157 3872
157 3185
157 3873
157 3874
157 3875
157 3876
157 3877
158 3850
158 3851
158 3852
158 3853
158 3854
158 2303
158 3855
158 3856
159 4739
159 2090
159 4740
159 4741
159 4742
159 4743
159 4744
160 4503
160 4504
160 4505
160 1779
160 4506
160 4507
160 4508
161 1600
161 1601
161 1602
161 1603
161 1604
161 1605
161 1354
161 1606
161 1607
161 1608
161 1609
161 1610
162 7803
162 7804
162 7805
162 7806
162 7807
162 7808
163 2109
163 2110
163 2111
163 2112
163 2113
163 1881
163 2114
163 2115
163 2116
163 2117
164 5665
164 5666
164 5667
164 5668
164 5669
164 5670
164 3471
165 7733
165 7734
165 7735
165 7736
165 6882
165 7737
166 5615
166 324
166 3577
166 5616
166 5617
166 5618
166 4464
167 6764
167 7427
167 7428
167 7429
167 7430
167 7431
168 1373
168 2767
168 2768
168 2769
168 2770
168 2771
168 2772
168 2773
168 2774
169 5719
169 5720
169 3654
169 5721
169 5722
169 2089
169 5723
170 8315
170 8316
170 8317
170 8318
170 2417
170 8319
171 8219
171 4523
171 6835
171 8220
171 8221
171 4480
172 3652
172 3653
172 3654
172 2374
172 3655
172 3656
172 3657
172 3658
173 3617
173 3618
173 3619
173 3620
173 3621
173 3622
173 3623
173 3624
174 1613
174 5747
174 6030
174 6031
174 6032
174 756
175 1173
175 1174
175 1175
175 1176
175 1177
175 1178
175 1179
175 1180
175 1181
175 1182
175 1183
175 1184
175 1185
176 973
176 974
176 975
176 976
176 977
176 495
176 978
176 979
176 980
176 981
176 982
176 983
176 984
176 985
176 986
177 4284
177 4285
177 4286
177 926
177 2202
177 4287
177 4288
177 4289
178 7054
178 7055
178 7056
178 7057
178 7058
178 5655
179 8535
179 2232
179 8536
179 8537
179 8538
180 3918
180 3919
180 3920
180 3921
180 3922
180 3923
180 3924
180 2964
181 6913
181 4901
181 6914
181 889
181 6915
181 6916
182 6889
182 6890
182 6891
182 6892
182 6893
182 6894
183 5643
183 5644
183 1259
183 1272
183 5645
183 5646
183 5647
184 7071
184 7072
184 7073
184 7074
184 7075
184 7076
185 7173
185 7174
185 4116
185 6515
185 7175
185 7176
186 4077
186 4077
186 4078
186 4079
186 4080
186 4081
186 4082
186 4083
187 5784
187 5785
187 5786
187 5787
187 5788
187 5789
187 5790
188 3918
188 8394
188 7079
188 8395
188 8396
189 467
189 468
189 469
189 20
189 470
189 471
189 472
189 473
189 474
189 475
189 476
189 477
189 478
189 479
189 480
189 481
189 482
189 483
189 484
189 485
189 486
189 487
189 488
190 5797
190 926
190 5798
190 5799
190 5800
190 5801
190 1862
191 8234
191 1546
191 8235
191 8236
191 2994
191 8237
192 8278
192 8279
192 8280
192 8281
192 8282
192 8283
193 2099
193 2100
193 2101
193 2102
193 2103
193 2104
193 2105
193 2106
193 2107
193 2108
194 8362
194 3185
194 8363
194 8364
194 8365
195 5910
195 1751
195 4018
195 5911
195 5912
195 2453
195 5913
196 8637
196 8638
196 5293
196 8639
196 8640
197 4116
197 4117
197 4118
197 4119
197 4120
197 4121
197 4122
197 4123
198 8627
198 8628
198 8629
198 8630
198 8631
199 16
199 4198
199 4199
199 2383
199 4200
199 4201
199 4202
199 4203
200 8574
200 8575
200 2889
200 8576
200 8577
201 8557
201 8558
201 819
201 8559
201 8560
202 7880
202 7881
202 7882
202 7883
202 7884
202 7885
203 4978
203 8547
203 8548
203 7763
203 8549
204 5926
204 5927
204 1397
204 5928
204 5929
204 133
204 5930
205 7768
205 7769
205 7770
205 7771
205 7772
205 7773
206 3336
206 3337
206 3338
206 3339
206 3340
206 3341
206 3342
206 3343
206 3344
207 4454
207 4455
207 45
207 3654
207 1834
207 4456
207 4457
207 4458
208 7793
208 7794
208 5398
208 7795
208 7796
208 7797
209 5955
209 5956
209 5957
209 5958
209 5959
209 5960
209 5961
210 2449
210 2450
210 2451
210 2452
210 2453
210 2454
210 2455
210 2456
210 2457
210 2458
211 1579
211 5648
211 5649
211 5650
211 5651
211 5652
211 5653
212 2686
212 2687
212 2688
212 2689
212 2690
212 2691
212 2692
212 2693
212 2694
213 8704
213 8705
213 6479
213 8706
213 8707
214 5700
214 5701
214 5702
214 5703
214 5704
214 5705
214 5706
215 8409
215 7312
215 406
215 8410
215 8237
216 8509
216 8510
216 8511
216 8316
216 8512
217 5696
217 5697
217 5698
217 1447
217 3754
217 1141
217 5699
218 8496
218 255
218 8497
218 65
218 8498
219 2539
219 2540
219 2541
219 2542
219 1278
219 2543
219 2544
219 2545
219 2546
219 2547
220 7978
220 6434
220 7979
220 7980
220 7981
220 7982
221 5659
221 5660
221 5661
221 5662
221 5663
221 5660
221 5664
222 5654
222 5655
222 1451
222 5656
222 5657
222 3621
222 5658
223 2023
223 2024
223 2025
223 2026
223 2027
223 287
223 2028
223 2029
223 899
223 2030
223 2031
224 5638
224 5639
224 8
224 5640
224 2210
224 5641
224 5642
225 3747
225 3748
225 3749
225 3750
225 3751
225 3752
225 3753
225 3754
226 3042
226 3043
226 3044
226 88
226 3045
226 3046
226 3047
226 3048
226 3049
227 3632
227 3633
227 3634
227 3635
227 3636
227 3637
227 3638
227 3639
228 7472
228 7473
228 7474
228 7475
228 7476
228 7477
229 5650
229 7459
229 7460
229 7461
229 7462
229 7463
230 7703
230 7704
230 7705
230 7706
230 7707
230 7708
231 5736
231 5737
231 976
231 1827
231 5738
231 1827
231 5739
232 7723
232 7724
232 7725
232 7726
232 7727
232 7728
233 3421
233 3422
233 58
233 3423
233 1808
233 3424
233 3425
233 3426
234 2063
234 2064
234 2065
234 2066
234 2067
234 1716
234 2068
234 2069
234 2070
234 1373
234 2071
235 7610
235 7611
235 7612
235 7613
235 7614
235 7615
236 167
236 3518
236 3519
236 1760
236 3520
236 2956
236 3521
236 3522
237 8284
237 8285
237 8286
237 8287
237 8288
237 8289
238 17
238 2952
238 5834
238 3874
238 5835
238 5836
238 5837
239 5812
239 3912
239 4018
239 65
239 5813
239 5814
239 5815
240 5228
240 5399
240 8355
240 8356
240 8357
241 6280
241 8093
241 8094
241 8095
241 8096
241 8097
242 8481
242 8482
242 8483
242 8484
242 8485
243 5764
243 5765
243 5766
243 5767
243 5768
243 5769
243 5770
244 1186
244 1187
244 1188
244 1189
244 1190
244 1191
244 1192
244 1193
244 1194
244 1195
244 1196
244 1197
244 1198
245 8358
245 5650
245 8359
245 8360
245 8361
246 8689
246 6064
246 3194
246 8690
246 2098
247 8703
247 3412
247 833
247 6141
247 5747
248 2090
248 2091
248 2092
248 2093
248 2094
248 1862
248 2095
248 2096
248 2097
248 2098
249 1990
249 1991
249 1992
249 1993
249 1994
249 1995
249 1996
249 1997
249 1998
249 1999
249 2000
250 8158
250 8159
250 8160
250 8161
250 4728
250 8162
251 5962
251 1655
251 5963
251 1949
251 5964
251 5965
251 5966
252 5740
252 5741
252 5742
252 5743
252 3151
252 5744
252 1269
253 6495
253 3636
253 6496
253 6497
253 6498
253 6499
254 5745
254 5746
254 5747
254 5748
254 5749
254 5750
254 5751
255 2366
255 3124
255 1272
255 3125
255 3126
255 3127
255 3128
255 3129
255 2691
256 6372
256 6373
256 6374
256 4061
256 6375
256 6376
257 2477
257 2478
257 2479
257 2480
257 2481
257 2482
257 2483
257 2484
257 2485
257 2486
258 3130
258 3131
258 3132
258 3133
258 3134
258 1581
258 3135
258 3136
258 3137
259 370
259 6385
259 6386
259 6387
259 6388
259 1462
260 2952
260 7202
260 2183
260 8397
260 8398
261 4032
261 4033
261 4034
261 825
261 4035
261 4036
261 4037
261 4038
262 6611
262 6612
262 460
262 6613
262 6614
262 6615
263 45
263 6628
263 6629
263 6630
263 6631
263 6632
264 6223
264 8420
264 8421
264 8422
264 8423
265 17
265 6526
265 6527
265 893
265 2210
265 6528
266 4047
266 4048
266 3104
266 4049
266 4050
266 4051
266 4052
266 4053
267 3227
267 3228
267 3229
267 3230
267 3231
267 3232
267 1445
267 3233
267 3234
268 4054
268 4055
268 4056
268 4057
268 4058
268 4059
268 4060
268 4061
269 4069
269 4070
269 4071
269 4072
269 4073
269 4074
269 4075
269 4076
270 6560
270 6561
270 6562
270 6563
270 6564
270 6565
271 1348
271 1349
271 1350
271 1351
271 1352
271 1353
271 1354
271 1355
271 1356
271 1357
271 1358
271 1359
272 1579
272 682
272 3180
272 166
272 3181
272 3182
272 2865
272 3183
272 3184
273 4100
273 4101
273 4102
273 4103
273 4104
273 4105
273 4106
273 4107
274 4108
274 4109
274 4110
274 4111
274 4112
274 4113
274 4114
274 4115
275 6056
275 1862
275 6057
275 6058
275 6056
275 6059
276 5823
276 5824
276 5825
276 5826
276 5592
276 5827
276 5828
277 5997
277 5998
277 5999
277 6000
277 6001
277 6002
278 5844
278 5845
278 633
278 5846
278 5847
278 5848
278 5849
279 6277
279 3766
279 6278
279 5511
279 4903
279 6279
280 6284
280 6285
280 6286
280 2645
280 2191
280 6287
281 6294
281 6295
281 3465
281 6296
281 6297
281 6298
282 2548
282 2549
282 2550
282 2551
282 2552
282 2553
282 2554
282 2555
282 2556
282 2557
283 6238
283 6239
283 6084
283 6240
283 6241
283 6242
284 4184
284 1995
284 4185
284 2463
284 4186
284 4187
284 4188
284 4189
285 533
285 534
285 535
285 536
285 537
285 538
285 539
285 540
285 541
285 542
285 543
285 544
285 545
285 546
285 547
285 548
285 549
285 550
285 551
285 552
285 553
286 5883
286 5884
286 5885
286 5886
286 2028
286 5887
286 5888
287 7041
287 7042
287 7043
287 7044
287 7045
287 7046
288 3050
288 3051
288 3052
288 3053
288 3054
288 3055
288 3056
288 3057
288 3058
289 7385
289 684
289 6554
289 65
289 7386
289 273
290 7159
290 7160
290 7161
290 7162
290 7163
290 7164
291 2429
291 2430
291 2431
291 2432
291 2433
291 2434
291 2435
291 2436
291 2437
291 2438
292 7111
292 7112
292 7113
292 4221
292 2662
292 7114
293 5602
293 5603
293 5604
293 5605
293 5606
293 3089
293 5607
294 3828
294 3829
294 3830
294 3831
294 3832
294 3833
294 3834
294 3835
295 7219
295 7220
295 7221
295 7222
295 7223
295 7224
296 7266
296 7267
296 976
296 7268
296 7269
296 7270
297 646
297 647
297 648
297 649
297 650
297 651
297 652
297 653
297 654
297 655
297 656
297 657
297 658
297 659
297 660
297 661
297 662
297 663
298 2952
298 6786
298 533
298 6787
298 6788
298 6789
299 8712
299 8713
300 3878
300 3879
300 3880
300 3880
300 3881
300 3882
300 3883
300 3884
301 8486
301 8487
301 8488
301 8489
301 8490
302 8435
302 8436
302 8437
302 8438
302 8439
303 4199
303 8440
303 5698
303 8441
303 8442
304 591
304 592
304 593
304 594
304 595
304 596
304 339
304 597
304 598
304 599
304 600
304 601
304 98
304 602
304 603
304 604
304 605
304 606
304 607
305 6294
305 8455
305 8456
305 8457
305 8458
306 7258
306 8465
306 8466
306 3438
306 8467
307 1251
307 8513
307 8514
307 8515
307 8516
308 6900
308 6901
308 2982
308 6902
308 6903
308 6904
309 5707
309 5708
309 5709
309 5710
309 5026
309 5711
309 5712
310 8411
310 8412
310 8413
310 8414
310 8415
311 7594
311 2088
311 211
311 2305
311 3122
312 8378
312 8379
312 8380
312 8381
312 4873
313 3932
313 65
313 503
313 3933
313 3934
313 3935
313 3936
313 3937
314 5899
314 5900
314 5901
314 5902
314 5903
314 5904
314 5905
315 6933
315 6934
315 6935
315 6936
315 6937
315 6938
316 74
316 6771
316 6772
316 6773
316 6774
316 6775
317 5931
317 16
317 5932
317 5933
317 5934
317 5935
317 5936
318 7380
318 7381
318 7382
318 7383
318 1237
318 7384
319 2187
319 2188
319 2189
319 2190
319 2191
319 1542
319 2192
319 2193
319 2194
319 2195
320 7193
320 7194
320 1092
320 7195
320 7196
320 7197
321 8565
321 8566
321 8567
321 8568
321 8569
322 6191
322 6192
322 6193
322 6194
322 6195
322 6196
323 6165
323 6166
323 6167
323 6168
323 6169
323 6170
324 3967
324 3968
324 3969
324 3755
324 3970
324 3971
324 3780
324 3972
325 8594
325 6915
325 8595
325 2084
325 8596
326 7779
326 8616
326 8617
326 8618
326 7740
327 5293
327 8165
327 8641
327 8642
327 8643
328 5757
328 5758
328 5759
328 5760
328 5761
328 5762
328 5763
329 1381
329 1382
329 1383
329 1384
329 1385
329 1386
329 1387
329 1388
329 1389
329 1390
329 1391
329 1392
330 6606
330 6607
330 6608
330 3290
330 6609
330 6610
331 6093
331 6094
331 6095
331 6096
331 6097
331 5609
332 811
332 812
332 813
332 814
332 720
332 815
332 816
332 817
332 818
332 819
332 820
332 821
332 159
332 822
332 823
332 824
333 2636
333 2637
333 2638
333 2639
333 2640
333 2641
333 2642
333 2643
333 2644
334 6122
334 6123
334 6124
334 6125
334 2032
334 5436
335 5914
335 5915
335 5916
335 5917
335 5918
335 5919
335 1994
336 6280
336 6281
336 6282
336 1862
336 4061
336 6283
337 7271
337 7272
337 7273
337 7274
337 7275
337 7276
338 6814
338 2968
338 6815
338 2931
338 4952
338 6816
339 5944
339 5945
339 5946
339 5947
339 5948
339 5949
339 5950
340 6745
340 6746
340 6747
340 6104
340 6748
340 6749
341 7006
341 7007
341 7008
341 7009
341 7010
341 1259
342 5951
342 5952
342 2852
342 5014
342 4742
342 5953
342 5954
343 5972
343 5973
343 5974
343 5975
343 5976
343 5976
344 6927
344 6928
344 6929
344 6930
344 6931
344 6932
345 7011
345 7012
345 7013
345 990
345 7014
345 7015
346 2775
346 2776
346 2777
346 2778
346 2779
346 2780
346 2781
346 1100
346 2782
347 2751
347 2752
347 2753
347 2754
347 2755
347 2756
347 2757
347 2758
347 2759
348 6976
348 1817
348 5721
348 6977
348 6978
348 6979
349 6965
349 6966
349 6967
349 6968
349 6969
349 6970
350 2856
350 1313
350 2857
350 2858
350 2859
350 2860
350 2861
350 2862
350 766
351 6955
351 6956
351 6957
351 6958
351 6959
351 6960
352 5677
352 3872
352 5678
352 5679
352 4790
352 5680
352 5681
353 5671
353 5672
353 5673
353 5674
353 287
353 5675
353 5676
354 6740
354 6741
354 6742
354 6743
354 6744
354 1880
355 6779
355 1945
355 1124
355 6780
355 5720
355 6781
356 1509
356 7387
356 7388
356 6489
356 7389
356 7390
357 7214
357 7215
357 7216
357 7217
357 7218
357 5266
358 4347
358 4348
358 4349
358 4350
358 4351
358 4352
358 4353
358 4354
359 1336
359 1337
359 1338
359 1339
359 1340
359 1341
359 1342
359 1343
359 1344
359 1345
359 1346
359 1347
360 5608
360 5609
360 5610
360 5611
360 5612
360 5613
360 5614
361 7365
361 7366
361 7367
361 3185
361 7368
361 7369
362 7339
362 7340
362 7341
362 7342
362 7343
362 7344
363 4425
363 4150
363 4426
363 2464
363 4427
363 4428
363 4429
363 4430
364 5590
364 2216
364 5591
364 5105
364 5592
364 5593
364 5594
365 7090
365 7091
365 7092
365 7093
365 7094
365 7095
366 3180
366 1499
366 3261
366 3262
366 3263
366 3264
366 3265
366 3266
366 3267
367 7084
367 7085
367 7086
367 7087
367 7088
367 7089
368 5724
368 5725
368 516
368 1228
368 5726
368 5727
368 5728
369 5997
369 6223
369 6224
369 6225
369 6226
369 6227
370 6217
370 6218
370 6219
370 6220
370 6221
370 6222
371 2720
371 2721
371 2722
371 2723
371 2724
371 2725
371 208
371 2726
371 2727
372 5877
372 5878
372 5879
372 5880
372 5881
372 45
372 5882
373 6197
373 45
373 4666
373 6198
373 6199
373 6200
374 6304
374 6305
374 6306
374 6307
374 1104
374 6308
375 5850
375 5851
375 5852
375 5853
375 5854
375 5855
375 5856
376 6009
376 6010
376 5805
376 6011
376 6012
376 6013
377 6003
377 6004
377 6005
377 6006
377 6007
377 6008
378 5829
378 5830
378 5831
378 5832
378 5833
378 2108
378 3636
379 5816
379 5817
379 5818
379 5819
379 5820
379 5821
379 5822
380 6106
380 6107
380 17
380 6108
380 6109
380 6110
381 6117
381 6118
381 6119
381 6120
381 4842
381 6121
382 2826
382 4688
382 6098
382 6099
382 6100
382 6101
383 1314
383 1014
383 5807
383 5808
383 5809
383 5810
383 5811
384 5791
384 5792
384 5793
384 5794
384 5795
384 1995
384 5796
385 6574
385 493
385 6575
385 6576
385 6577
385 6578
386 6545
386 6546
386 6547
386 6548
386 6549
386 6550
387 6585
387 6586
387 6587
387 6588
387 6589
387 6590
388 1762
388 1763
388 1764
388 1765
388 1766
388 1767
388 1373
388 1768
388 1769
388 1770
388 1771
389 6551
389 1034
389 6552
389 6553
389 6554
389 1642
390 5561
390 5562
390 5563
390 5564
390 5565
390 5566
390 5567
391 5752
391 816
391 2416
391 5753
391 5754
391 5755
391 5756
392 324
392 6464
392 6465
392 6466
392 6467
392 6468
393 6469
393 6470
393 6471
393 6472
393 6473
393 6474
394 6449
394 6450
394 6451
394 6452
394 6453
394 6454
395 3681
395 3682
395 3683
395 3684
395 3685
395 3686
395 3687
395 3688
396 8334
396 8335
396 8336
396 8337
396 8338
396 8339
397 8345
397 1960
397 81
397 8346
397 8347
397 8348
398 3252
398 3253
398 3254
398 3255
398 3256
398 3257
398 3258
398 3259
398 3260
399 8131
399 394
399 5823
399 8132
399 6554
399 8133
400 8167
400 8168
400 8169
400 8170
400 8171
400 8172
401 1533
401 1534
401 1535
401 1536
401 1116
401 1537
401 1538
401 1539
401 1540
401 1541
401 1542
401 1543
402 1544
402 1896
402 1897
402 1898
402 1899
402 1900
402 1901
402 1046
402 1902
402 1903
402 1904
403 8183
403 311
403 8184
403 8185
403 8186
403 8187
404 3791
404 3792
404 2032
404 3793
404 3794
404 3795
404 3796
404 3797
405 5771
405 5772
405 598
405 5773
405 5774
405 5775
405 5776
406 6727
406 8134
406 8135
406 8136
406 8137
406 2106
407 3024
407 3025
407 3026
407 3027
407 3028
407 3029
407 3030
407 3031
407 3032
408 3007
408 3008
408 1580
408 3009
408 3010
408 3011
408 3012
408 3013
408 3014
409 1497
409 1498
409 1499
409 1500
409 1501
409 1502
409 1503
409 1504
409 1505
409 1506
409 1507
409 1508
410 3784
410 14
410 3785
410 3786
410 3787
410 3788
410 3789
410 3790
411 5777
411 5778
411 5779
411 5780
411 5781
411 5782
411 5783
412 8320
412 8321
412 4882
412 8322
412 4740
412 8323
413 3154
413 3155
413 3156
413 3157
413 3158
413 3159
413 1538
413 3160
413 3161
414 3162
414 3163
414 3164
414 3165
414 3166
414 3167
414 3168
414 3169
414 3170
415 1463
415 65
415 1464
415 1465
415 1466
415 1467
415 1468
415 1469
415 1470
415 1471
415 1472
415 1473
416 1225
416 1226
416 1227
416 1228
416 1229
416 1230
416 1231
416 1232
416 1233
416 1234
416 1235
416 1236
416 1237
417 3472
417 3473
417 3474
417 3475
417 3476
417 3477
417 3478
417 3479
418 3209
418 3210
418 3211
418 3212
418 3213
418 3214
418 3215
418 3216
418 3217
419 5802
419 5803
419 5804
419 5805
419 4328
419 5806
419 1447
420 8110
420 8111
420 8112
420 8113
420 8114
420 8115
421 7586
421 7587
421 7588
421 7589
421 7590
421 7591
422 1238
422 1239
422 1240
422 1241
422 1242
422 1243
422 1244
422 1245
422 1246
422 1247
422 1248
422 1249
422 1250
423 1417
423 1418
423 1419
423 1420
423 1124
423 1421
423 1422
423 1423
423 1424
423 1425
423 1426
423 1427
424 7683
424 7684
424 7685
424 7686
424 7687
424 7688
425 5584
425 5493
425 5585
425 5586
425 5587
425 5588
425 5589
426 324
426 1440
426 1441
426 1442
426 1443
426 1444
426 1445
426 1446
426 1447
426 1448
426 1449
426 1450
427 1927
427 1928
427 1929
427 1590
427 1930
427 1931
427 1932
427 1933
427 1934
427 1935
427 1936
428 7464
428 2354
428 7465
428 7466
428 7467
428 4762
429 1109
429 1110
429 1111
429 1112
429 1113
429 1114
429 1115
429 1116
429 1117
429 1118
429 1119
429 1120
429 1121
429 1122
430 7455
430 1314
430 7456
430 324
430 7457
430 7458
431 1751
431 1752
431 1753
431 1754
431 1755
431 1756
431 1757
431 1758
431 1759
431 1760
431 1761
432 2760
432 2761
432 2762
432 2763
432 2764
432 2765
432 1457
432 2089
432 2766
433 4156
433 7438
433 7439
433 7440
433 7441
433 7442
434 3502
434 3503
434 3504
434 3505
434 3506
434 3507
434 3508
434 3509
435 489
435 490
435 491
435 492
435 493
435 494
435 495
435 496
435 497
435 498
435 499
435 500
435 501
435 502
435 503
435 504
435 505
435 506
435 507
435 508
435 509
435 510
436 7411
436 7412
436 7413
436 7414
436 1625
436 7415
437 1740
437 1741
437 1742
437 1743
437 1744
437 1745
437 1746
437 1747
437 1748
437 1749
437 1750
438 5626
438 5627
438 5628
438 5629
438 2850
438 5630
438 5631
439 5632
439 5633
439 5634
439 5635
439 5636
439 5637
439 5456
440 1428
440 1429
440 1430
440 1431
440 1432
440 1433
440 1434
440 1435
440 1436
440 1437
440 1438
440 1439
441 4361
441 4362
441 4363
441 4364
441 4365
441 4366
441 4367
441 4368
442 4287
442 5568
442 5569
442 4544
442 5570
442 5571
442 5572
443 2410
443 2411
443 2412
443 2413
443 2032
443 2414
443 2415
443 2416
443 2417
443 2418
444 7487
444 7488
444 7489
444 7490
444 7491
444 7492
445 7738
445 7739
445 1698
445 7740
445 7741
445 7742
446 7743
446 7744
446 7745
446 2887
446 7746
446 7747
447 4412
447 4338
447 4413
447 4414
447 4415
447 4416
447 4417
447 4418
448 1647
448 4419
448 4420
448 4421
448 756
448 4422
448 4423
448 4424
449 5682
449 5683
449 5684
449 1944
449 5685
449 5686
449 5687
450 31
450 2670
450 2671
450 2672
450 2673
450 2674
450 2675
450 2676
450 2677
451 5570
451 1175
451 3679
451 3438
451 5688
451 5689
451 5690
452 3988
452 3989
452 3990
452 3991
452 1590
452 3992
452 3993
452 3994
453 533
453 1918
453 3180
453 8072
453 8073
453 8074
454 7468
454 4685
454 8045
454 8046
454 8047
454 8048
455 3938
455 3322
455 3939
455 3940
455 3941
455 3942
455 3943
455 3944
456 1578
456 1579
456 1580
456 1581
456 1582
456 1583
456 1584
456 1585
456 1586
456 1587
456 1588
456 1589
457 5906
457 5907
457 2714
457 1551
457 5908
457 2987
457 5909
458 3092
458 3093
458 3094
458 3095
458 3096
458 3097
458 3098
458 3099
458 3100
459 5937
459 5938
459 5939
459 5940
459 5941
459 5942
459 5943
460 7779
460 324
460 1057
460 1130
460 7780
460 7781
461 7762
461 7763
461 7764
461 7765
461 7766
461 7767
462 7757
462 844
462 7758
462 7759
462 7760
462 7761
463 1634
463 5920
463 5921
463 5922
463 5923
463 5924
463 5925
464 7891
464 7892
464 7893
464 1272
464 65
464 7894
465 7886
465 7887
465 7888
465 4366
465 7889
465 7890
466 4024
466 4025
466 4026
466 4027
466 4028
466 4029
466 4030
466 4031
467 2895
467 2896
467 2897
467 2898
467 2897
467 2899
467 1659
467 2900
467 2901
468 7850
468 1046
468 7851
468 6280
468 7852
468 7853
469 7633
469 7871
469 7872
469 3547
469 7873
469 7874
470 4542
470 1124
470 4543
470 1698
470 2190
470 4544
470 4545
471 2497
471 2498
471 2499
471 2500
471 2501
471 211
471 2502
471 1801
471 2503
471 886
472 1691
472 1692
472 1693
472 1694
472 1695
472 1696
472 505
472 1697
472 1698
472 1699
472 1700
473 4528
473 4529
473 4530
473 4531
473 4532
473 4533
473 4534
474 498
474 7900
474 5266
474 7901
474 7902
474 7903
475 1201
475 3146
475 3147
475 3148
475 3149
475 3150
475 3151
475 3152
475 3153
476 1651
476 1652
476 1653
476 1654
476 1655
476 1656
476 1657
476 1658
476 1659
476 1044
476 1660
477 3015
477 3016
477 3017
477 3018
477 3019
477 3020
477 3021
477 3022
477 3023
478 1288
478 1289
478 1290
478 1291
478 1292
478 1293
478 1294
478 1295
478 45
478 1296
478 1297
478 1298
478 1299
479 1
479 2
479 3
479 4
479 5
479 5
479 6
479 7
479 8
479 9
479 10
479 11
479 12
479 13
479 14
479 15
479 16
479 17
479 18
479 19
479 20
479 21
479 22
479 23
479 24
479 25
479 26
479 27
479 28
479 29
479 30
479 31
479 32
479 33
479 34
479 35
479 36
479 37
479 38
479 39
479 40
479 41
479 42
479 43
479 44
479 45
479 46
479 47
479 48
479 49
479 50
479 51
479 52
479 53
479 54
479 55
479 56
479 57
479 58
479 59
479 60
479 61
479 62
479 63
479 64
479 65
479 66
479 67
479 68
479 69
479 70
479 71
479 72
479 73
479 74
479 75
479 76
479 77
479 78
479 79
479 80
479 81
479 82
479 83
479 84
479 85
479 86
479 87
479 88
479 89
479 90
479 91
479 92
479 93
479 94
479 95
479 96
479 97
479 98
479 99
479 100
479 101
479 102
479 103
479 104
479 105
479 106
479 107
479 108
479 109
479 110
479 111
479 112
479 113
479 114
479 115
479 116
479 117
479 118
479 119
479 120
479 121
479 122
479 123
479 124
479 125
479 126
479 127
479 128
479 129
479 130
479 131
479 132
479 133
479 134
479 135
479 136
479 137
479 138
479 139
479 140
479 141
479 142
479 143
479 144
479 145
479 146
479 147
479 148
479 149
480 2989
480 2990
480 2991
480 2992
480 2993
480 2994
480 2995
480 2996
480 2997
481 1237
481 7788
481 7789
481 7790
481 7791
481 7792
482 4711
482 4712
482 2003
482 4713
482 4714
482 4715
482 4716
483 2128
483 2129
483 2130
483 2131
483 2132
483 2133
483 2134
483 2135
483 2136
483 2137
484 7798
484 7799
484 7800
484 1560
484 7801
484 7802
485 1314
485 1544
485 1545
485 1546
485 1547
485 1548
485 1549
485 1550
485 1551
485 1552
485 1553
485 1554
486 3893
486 3894
486 3895
486 3896
486 3897
486 3898
486 3899
486 3900
487 2344
487 2345
487 2346
487 2347
487 2348
487 2349
487 2350
487 2351
487 2352
487 2353
488 7819
488 1046
488 7820
488 7821
488 7822
488 7823
489 2309
489 45
489 1551
489 2310
489 2311
489 2312
489 740
489 2313
489 2314
489 2315
490 1631
490 1632
490 1633
490 1634
490 1635
490 1545
490 1636
490 1637
490 1638
490 1639
490 1640
491 4055
491 7920
491 7752
491 7921
491 2088
491 4210
492 8016
492 8017
492 8018
492 8019
492 8020
492 8021
493 8022
493 8023
493 8024
493 8025
493 3256
493 8026
494 8010
494 8011
494 8012
494 8013
494 8014
494 8015
495 4623
495 4624
495 4625
495 4626
495 3085
495 4627
495 4628
496 8055
496 882
496 3304
496 8056
496 761
496 8057
497 2662
497 2663
497 2560
497 2664
497 2665
497 2666
497 2667
497 2668
497 2669
498 169
498 8067
498 8068
498 8069
498 8070
498 8071
499 4610
499 4611
499 4612
499 1616
499 4613
499 4614
499 4615
500 8001
500 8002
500 8003
500 8004
500 8005
500 1062
501 7965
501 7966
501 1551
501 7160
501 7967
501 7968
502 3995
502 2952
502 3996
502 3997
502 3998
502 3999
502 4000
502 4001
503 7927
503 7928
503 7929
503 7930
503 7931
503 7932
504 4319
504 1433
504 4320
504 4321
504 4322
504 4323
504 4324
504 4325
505 1509
505 1510
505 1511
505 1512
505 1513
505 1514
505 1515
505 1516
505 1517
505 1518
505 1519
505 1520
506 1918
506 7950
506 7951
506 7952
506 7953
506 7954
507 7955
507 7956
507 7957
507 7958
507 7959
507 7960
508 7922
508 7923
508 7924
508 7925
508 7926
508 3275
509 4629
509 4630
509 4631
509 4632
509 4633
509 4634
509 4635
510 7973
510 7974
510 7975
510 7976
510 7977
510 62
511 4636
511 4637
511 4638
511 4639
511 4640
511 4641
511 4642
512 3919
512 4439
512 4440
512 4441
512 4442
512 4443
512 4444
512 4445
513 4404
513 4405
513 4406
513 4407
513 4408
513 4409
513 4410
513 4411
514 7748
514 7749
514 7750
514 1817
514 7751
514 7752
515 4459
515 4460
515 4461
515 4462
515 4463
515 4464
515 4465
515 4466
516 4382
516 4383
516 1451
516 4384
516 4385
516 4386
516 4387
516 4388
517 1611
517 1612
517 1613
517 302
517 535
517 1614
517 1615
517 1616
517 1617
517 1618
517 1619
517 1620
518 4538
518 7499
518 7500
518 7501
518 7502
518 7503
519 4704
519 4705
519 4706
519 4707
519 4708
519 4709
519 4710
520 7504
520 7505
520 7506
520 3934
520 7507
520 7508
521 1579
521 4594
521 4595
521 4596
521 4597
521 4598
521 4599
522 4515
522 4516
522 4517
522 4243
522 4518
522 4519
522 4520
523 243
523 7551
523 7552
523 5655
523 7553
523 7554
524 4556
524 4557
524 4558
524 4559
524 4560
524 4561
524 4562
525 4278
525 4279
525 4280
525 3713
525 4281
525 3577
525 4282
525 4283
526 4431
526 4432
526 4433
526 4434
526 4435
526 4436
526 4437
526 4438
527 4446
527 4447
527 4448
527 4449
527 4450
527 4451
527 4452
527 4453
528 1881
528 5420
528 7416
528 7417
528 7418
528 7419
529 2712
529 2713
529 2714
529 2715
529 2716
529 2717
529 2718
529 2719
529 1507
530 4563
530 4564
530 4565
530 4566
530 4567
530 4568
530 4569
531 1095
531 1096
531 1097
531 1098
531 1099
531 1100
531 1101
531 1102
531 1103
531 1104
531 1105
531 1106
531 1107
531 1108
532 3449
532 3450
532 3451
532 3452
532 3453
532 3454
532 3455
532 3456
533 2817
533 2818
533 799
533 2819
533 2820
533 2821
533 2822
533 2823
533 2824
534 4717
534 4718
534 1713
534 4719
534 4720
534 4721
534 4722
535 4664
535 4665
535 4666
535 4667
535 4668
535 4669
535 4670
536 611
536 7561
536 7562
536 7563
536 7564
536 7565
537 7665
537 7666
537 7667
537 7668
537 7669
537 7670
538 2168
538 2169
538 2170
538 2171
538 2172
538 2173
538 2174
538 2175
538 2176
538 2177
539 4587
539 4588
539 4589
539 4590
539 4591
539 4592
539 4593
540 1041
540 766
540 1042
540 1043
540 1044
540 1045
540 1046
540 1047
540 1047
540 1048
540 1049
540 1050
540 1051
540 1052
541 3441
541 3442
541 3443
541 3444
541 3445
541 3446
541 3447
541 3448
542 3510
542 3511
542 3512
542 3513
542 3514
542 3515
542 3516
542 3517
543 7394
543 7662
543 7663
543 1643
543 7664
543 1895
544 2252
544 2253
544 2254
544 2255
544 2256
544 2257
544 2258
544 2259
544 2260
544 2261
545 1579
545 3610
545 3611
545 3612
545 3613
545 3614
545 3615
545 3616
546 5791
546 4343
546 7729
546 7730
546 7731
546 7732
547 2223
547 2224
547 2225
547 2226
547 2227
547 2228
547 2229
547 2216
547 2230
547 2231
548 4546
548 4547
548 4548
548 4549
548 4550
548 4551
548 4552
549 2524
549 2525
549 2526
549 2527
549 1447
549 1806
549 2528
549 2529
549 497
549 2530
550 7577
550 4713
550 7578
550 7579
550 7580
550 2210
551 4577
551 4578
551 4579
551 4580
551 1397
551 4581
551 4582
552 4191
552 7584
552 6769
552 7585
552 1737
552 65
553 1451
553 1452
553 1453
553 1454
553 1455
553 1456
553 1457
553 1458
553 1459
553 1460
553 1461
553 1462
554 7592
554 7593
554 7594
554 7595
554 740
554 7596
555 3495
555 1042
555 3496
555 3497
555 3498
555 3499
555 3500
555 3501
556 2271
556 7597
556 7598
556 7599
556 7600
556 4086
557 3235
557 3236
557 3237
557 3238
557 3239
557 3240
557 3241
557 3242
557 3243
558 7621
558 7622
558 7623
558 7624
558 7625
558 7626
559 7638
559 7639
559 7640
559 7641
559 5419
559 7642
560 8080
560 8081
560 2622
560 8082
560 8083
560 8084
561 8310
561 8311
561 8312
561 8313
561 3934
561 8314
562 1373
562 4509
562 4510
562 4511
562 4512
562 4513
562 4514
563 4489
563 4490
563 4491
563 4492
563 4493
563 4494
563 4495
564 8273
564 7839
564 8274
564 8275
564 8276
564 8277
565 554
565 555
565 556
565 557
565 558
565 559
565 560
565 39
565 561
565 562
565 563
565 564
565 565
565 566
565 567
565 568
565 569
565 570
565 571
565 572
566 8254
566 1813
566 8255
566 8256
566 8257
566 8258
567 1755
567 45
567 5171
567 5172
567 5173
567 5174
567 5175
568 2611
568 2612
568 2613
568 2614
568 2615
568 2616
568 2617
568 2618
568 2619
568 296
569 8204
569 8205
569 8206
569 8207
569 8208
569 8209
570 8210
570 8211
570 6616
570 8212
570 8213
570 3923
571 5342
571 5343
571 5344
571 4087
571 5345
571 258
571 5346
572 8231
572 8232
572 7139
572 5972
572 6398
572 8233
573 5335
573 5336
573 5337
573 5338
573 5339
573 5340
573 5341
574 611
574 3185
574 3186
574 2957
574 3187
574 3188
574 3189
574 3190
574 3191
575 5324
575 1622
575 2198
575 5325
575 5326
575 5327
575 5328
576 8138
576 8139
576 8140
576 1372
576 8141
576 8142
577 825
577 826
577 827
577 828
577 829
577 830
577 831
577 832
577 833
577 834
577 835
577 836
577 837
577 838
577 839
577 840
578 1474
578 1475
578 1476
578 1477
578 1478
578 1479
578 1480
578 1481
578 1482
578 1481
578 1483
578 1484
579 5318
579 926
579 5319
579 5320
579 5321
579 5322
579 5323
580 8089
580 3584
580 8090
580 4597
580 8091
580 8092
581 987
581 988
581 989
581 990
581 991
581 992
581 993
581 994
581 995
581 996
581 997
581 318
581 998
581 999
582 8263
582 8264
582 8265
582 8266
582 8267
582 8268
583 1199
583 1200
583 1201
583 1202
583 1203
583 1204
583 1205
583 1206
583 1207
583 1208
583 1209
583 1210
583 1211
584 3689
584 3690
584 3691
584 3692
584 3693
584 3694
584 3695
584 3696
585 5308
585 5309
585 5310
585 5311
585 5312
585 2634
585 5313
586 5295
586 5296
586 5297
586 5298
586 5299
586 144
586 5300
587 5288
587 5289
587 5290
587 5291
587 5292
587 5293
587 5294
588 3110
588 1949
588 3111
588 3112
588 3113
588 3114
588 1785
588 3115
588 3116
589 8180
589 8181
589 8182
589 7923
589 7242
589 6751
590 3288
590 3659
590 3660
590 3661
590 3662
590 3663
590 3664
590 3665
591 280
591 281
591 282
591 283
591 284
591 285
591 286
591 287
591 288
591 289
591 290
591 291
591 292
591 293
591 294
591 295
591 296
591 297
591 298
591 299
591 300
591 301
591 302
591 303
591 304
591 305
591 306
591 307
591 308
591 309
591 310
591 311
591 312
591 313
591 314
591 315
591 316
591 317
591 318
591 319
592 1876
592 1877
592 1878
592 1879
592 1880
592 1881
592 1287
592 1882
592 1883
592 1884
592 1885
593 2743
593 3697
593 3698
593 3699
593 3700
593 1677
593 3701
593 3702
594 150
594 151
594 152
594 153
594 154
594 155
594 156
594 157
594 158
594 159
594 160
594 161
594 162
594 163
594 164
594 165
594 166
594 167
594 168
594 169
594 170
594 171
594 172
594 173
594 174
594 175
594 176
594 177
594 178
594 179
594 180
594 181
594 182
594 183
594 184
594 185
594 186
594 187
594 188
594 189
594 190
594 191
594 192
594 193
594 194
594 195
594 196
594 197
594 198
594 199
594 200
594 201
594 202
594 203
594 204
594 205
594 206
594 207
594 208
594 209
594 210
594 211
594 212
594 213
594 214
594 215
594 216
594 217
594 218
594 219
594 220
594 221
594 222
594 223
594 224
594 225
594 226
594 227
594 228
594 229
594 230
594 231
594 232
594 233
594 234
594 235
594 236
594 237
594 238
594 239
594 238
595 856
595 857
595 858
595 859
595 860
595 861
595 862
595 863
595 864
595 865
595 866
595 867
595 868
595 869
595 870
595 871
596 7126
596 7127
596 7128
596 7129
596 7130
596 7131
597 731
597 732
597 733
597 734
597 735
597 736
597 737
597 738
597 739
597 740
597 741
597 742
597 743
597 744
597 745
597 746
597 747
598 1014
598 1015
598 1016
598 1017
598 1018
598 1019
598 1020
598 1021
598 1022
598 1023
598 1024
598 1025
598 1026
598 1027
599 2032
599 1572
599 5105
599 5252
599 5253
599 5254
599 5255
600 6490
600 6491
600 6492
600 5511
600 6493
600 6494
601 1865
601 1866
601 1867
601 1868
601 1869
601 1870
601 1871
601 1872
601 1873
601 1874
601 1875
602 6416
602 6417
602 6418
602 6419
602 6420
602 6421
603 5245
603 5246
603 5247
603 5248
603 5249
603 5250
603 5251
604 2158
604 2159
604 2160
604 2161
604 2162
604 2163
604 2164
604 2165
604 2166
604 2167
605 1912
605 6341
605 6342
605 6343
605 6344
605 6345
606 3457
606 3458
606 3459
606 3460
606 3461
606 3462
606 3463
606 3464
607 1160
607 1161
607 1162
607 1163
607 1164
607 1165
607 1166
607 1167
607 1168
607 1169
607 1170
607 1171
607 1172
608 1190
608 1856
608 1857
608 1858
608 889
608 1859
608 1860
608 1861
608 1862
608 1863
608 1864
609 5234
609 5235
609 3893
609 5236
609 5237
609 5238
609 988
610 1803
610 1804
610 1805
610 1806
610 1256
610 1807
610 1808
610 1809
610 1283
610 1810
610 1811
611 6404
611 6405
611 6406
611 6407
611 6408
611 6409
612 3434
612 3435
612 3436
612 3437
612 3438
612 739
612 3439
612 3440
613 3755
613 3756
613 3185
613 3757
613 3758
613 1572
613 3759
613 3760
614 3733
614 3734
614 3293
614 3735
614 3736
614 3737
614 2088
614 3738
615 6648
615 6649
615 4516
615 6650
615 6651
615 6652
616 6653
616 6654
616 6655
616 6656
616 6657
616 6658
617 6665
617 6666
617 6667
617 6668
617 2421
617 6669
618 1016
618 1782
618 1783
618 1784
618 1785
618 1786
618 1787
618 1788
618 1789
618 1790
618 1791
619 2363
619 2364
619 2365
619 2366
619 2367
619 2368
619 2369
619 1210
619 2370
619 384
620 3674
620 3675
620 3676
620 3677
620 3678
620 3679
620 1862
620 3680
621 2919
621 2920
621 2921
621 2922
621 1895
621 668
621 2923
621 2924
621 2925
622 1916
622 1917
622 1918
622 1919
622 1920
622 1921
622 1922
622 1923
622 1924
622 1925
622 1926
623 6516
623 6517
623 6518
623 5023
623 6519
623 6520
624 5195
624 5196
624 5197
624 5198
624 5199
624 5200
624 5201
625 5190
625 5191
625 5192
625 2952
625 993
625 5193
625 5194
626 975
626 6572
626 1181
626 3655
626 3982
626 6573
627 6328
627 6329
627 6330
627 6331
627 4482
627 6332
628 6073
628 6074
628 6075
628 6076
628 6077
628 6078
629 5358
629 5359
629 5360
629 5361
629 1245
629 5362
629 5363
630 5364
630 5365
630 5366
630 5367
630 1760
630 1317
630 5368
631 3581
631 2349
631 3582
631 2161
631 3583
631 728
631 3584
631 3585
632 6111
632 6112
632 6113
632 6114
632 6115
632 6116
633 6132
633 6133
633 4603
633 6134
633 6135
633 6136
634 3666
634 3667
634 3668
634 3669
634 3670
634 3671
634 3672
634 3673
635 6063
635 6064
635 6065
635 6066
635 5386
635 6067
636 45
636 1979
636 5369
636 1368
636 5370
636 5371
636 5372
637 5373
637 5315
637 5374
637 5375
637 5376
637 5377
637 5378
638 3761
638 3762
638 3763
638 3764
638 3765
638 3766
638 3767
638 3768
639 6033
639 6034
639 6035
639 6036
639 6037
639 6038
640 6039
640 6040
640 6041
640 6042
640 6043
640 6044
641 5533
641 5534
641 5535
641 4544
641 5536
641 5537
641 5538
642 6073
642 6141
642 6142
642 6143
642 6144
642 6145
643 6151
643 6152
643 6153
643 6154
643 5858
643 6155
644 6254
644 6255
644 6256
644 6257
644 6258
644 6259
645 5528
645 4617
645 2623
645 5529
645 5530
645 5531
645 5532
646 6309
646 6143
646 6310
646 6311
646 6312
646 6313
647 6288
647 6289
647 6290
647 6291
647 6292
647 6293
648 2728
648 2450
648 2729
648 2730
648 2731
648 2732
648 1060
648 2733
648 2734
649 2742
649 2743
649 2744
649 2745
649 2746
649 2747
649 2748
649 2749
649 2750
650 6232
650 6233
650 6234
650 6235
650 6236
650 6237
651 2628
651 2629
651 2630
651 1476
651 2631
651 2632
651 2633
651 2634
651 2635
652 6171
652 6172
652 1503
652 6173
652 6174
652 6175
653 5516
653 5517
653 5518
653 5519
653 5520
653 1016
653 5521
654 3427
654 3428
654 783
654 3429
654 3430
654 3431
654 3432
654 3433
655 765
655 766
655 767
655 768
655 769
655 770
655 771
655 772
655 773
655 774
655 775
655 776
655 777
655 778
655 779
655 780
655 781
656 2487
656 2488
656 2489
656 2490
656 2491
656 2492
656 2493
656 2494
656 2495
656 2496
657 3465
657 3466
657 3467
657 1866
657 3468
657 3469
657 3470
657 3471
658 1123
658 1124
658 1125
658 1126
658 1127
658 1128
658 1129
658 1130
658 1131
658 1132
658 1133
658 1134
658 1135
658 1136
659 6681
659 6682
659 6683
659 1277
659 6684
659 6685
660 389
660 390
660 391
660 392
660 393
660 394
660 395
660 396
660 397
660 398
660 399
660 400
660 401
660 402
660 403
660 404
660 405
660 406
660 407
660 408
660 409
660 410
660 411
660 412
660 413
660 414
660 415
660 416
660 417
661 7181
661 7182
661 7183
661 7184
661 7185
661 7186
662 7187
662 7188
662 7189
662 7190
662 7191
662 7192
663 7198
663 1036
663 4061
663 3194
663 3713
663 7199
664 7200
664 7201
664 5766
664 7202
664 7203
664 7204
665 3523
665 3524
665 3525
665 3526
665 3527
665 3528
665 3529
665 3530
666 6005
666 7080
666 7081
666 7082
666 7083
666 1526
667 3531
667 3532
667 3533
667 3534
667 3535
667 3536
667 729
667 3537
668 7067
668 7068
668 7069
668 8
668 7070
668 6056
669 2678
669 2679
669 2680
669 2445
669 2681
669 2682
669 2683
669 2684
669 2685
670 7047
670 7048
670 7049
670 7050
670 1996
670 1572
671 3285
671 3286
671 2743
671 629
671 3287
671 3288
671 2265
671 3289
671 3290
672 3951
672 3952
672 3953
672 3954
672 3955
672 3956
672 3957
672 3958
673 5480
673 5481
673 5482
673 5431
673 5483
673 5484
673 5485
674 13
674 5471
674 1259
674 5472
674 3878
674 3909
674 5473
675 7323
675 7324
675 7325
675 7326
675 7327
675 7328
676 7333
676 7334
676 7335
676 7336
676 7337
676 7338
677 7345
677 7346
677 7347
677 2481
677 4104
677 7348
678 2558
678 2559
678 2560
678 2561
678 2562
678 2563
678 2564
678 2565
678 2566
678 2567
679 7370
679 7371
679 7372
679 7373
679 7374
679 7375
680 2514
680 2515
680 2516
680 2517
680 2518
680 2519
680 2520
680 2521
680 2522
680 2523
681 7277
681 7278
681 7279
681 7280
681 7281
681 7282
682 5422
682 5423
682 5424
682 5425
682 5426
682 5427
682 5428
683 5416
683 3103
683 5417
683 5418
683 5419
683 5420
683 5421
684 6826
684 6827
684 2931
684 6828
684 6829
684 6830
685 6851
685 6852
685 6853
685 6854
685 5468
685 6855
686 6296
686 6776
686 1696
686 6777
686 509
686 6778
687 6720
687 6721
687 6722
687 6723
687 576
687 6145
688 6755
688 6756
688 6757
688 6758
688 6759
688 6760
689 6761
689 6762
689 6763
689 6764
689 6765
689 6766
690 2911
690 2912
690 2913
690 2914
690 2915
690 2916
690 1445
690 2917
690 2918
691 5385
691 5386
691 5387
691 5388
691 5389
691 5390
691 5391
692 1812
692 1813
692 1814
692 1815
692 1816
692 1817
692 1818
692 1819
692 1820
692 1821
692 1822
693 2973
693 2974
693 2975
693 2976
693 2977
693 2978
693 2979
693 2980
693 2981
694 4334
694 4335
694 4336
694 4337
694 4338
694 4339
694 4340
694 4341
695 1823
695 1824
695 1825
695 1826
695 1827
695 1828
695 1829
695 1830
695 1831
695 1832
695 1833
696 4311
696 4312
696 4313
696 4314
696 4315
696 4316
696 4317
696 4318
697 2783
697 1042
697 2784
697 2785
697 2786
697 2787
697 2788
697 2789
697 2790
698 2791
698 2792
698 2793
698 2794
698 2795
698 2796
698 2797
698 2798
698 2799
699 7016
699 7017
699 7018
699 7019
699 1526
699 7020
700 5164
700 5165
700 5166
700 5167
700 5168
700 5169
700 5170
701 6950
701 6951
701 6952
701 6953
701 6954
701 5875
702 4296
702 4297
702 4298
702 4299
702 4300
702 4301
702 4302
702 4303
703 6867
703 6868
703 6869
703 6870
703 6871
703 6872
704 5157
704 5158
704 5159
704 5160
704 5161
704 5162
704 5163
705 6939
705 6940
705 6941
705 6942
705 4728
705 6943
706 35
706 2887
706 2888
706 2889
706 2890
706 2891
706 2892
706 2893
706 2894
707 6724
707 6725
707 6726
707 472
707 6727
707 6728
708 4396
708 4397
708 4398
708 4399
708 4400
708 4401
708 4402
708 4403
709 514
709 2262
709 2263
709 2264
709 2265
709 2266
709 2267
709 2268
709 2269
709 2270
710 6822
710 6823
710 65
710 6824
710 65
710 6825
711 6831
711 6832
711 2566
711 1397
711 6833
711 6834
712 7225
712 7226
712 7227
712 7228
712 7229
712 7230
713 2871
713 2872
713 2873
713 2874
713 2875
713 305
713 2876
713 117
713 2877
714 4912
714 4913
714 4914
714 633
714 2202
714 3021
714 4915
715 3519
715 7177
715 3480
715 7178
715 7179
715 7180
716 6156
716 3244
716 6157
716 1072
716 6158
716 6159
717 4907
717 4159
717 4908
717 1501
717 4909
717 4910
717 4911
718 6160
718 683
718 6161
718 6162
718 6163
718 6164
719 2354
719 2354
719 2355
719 2356
719 2357
719 2358
719 2359
719 2360
719 2361
719 2362
720 4184
720 4890
720 4891
720 4892
720 4893
720 4894
720 899
721 2952
721 1918
721 4013
721 4014
721 4015
721 4016
721 3002
721 1698
722 6579
722 6580
722 6581
722 6582
722 6583
722 6584
723 4769
723 4770
723 4771
723 4772
723 4773
723 4774
723 4775
724 6637
724 6638
724 6639
724 6640
724 6641
724 6642
725 2735
725 2736
725 2737
725 2738
725 2739
725 2740
725 2741
725 2126
725 1501
726 2952
726 4856
726 4857
726 2519
726 4858
726 4859
726 4860
727 8644
727 8645
727 8646
727 8647
727 8648
728 2704
728 2705
728 58
728 2706
728 2707
728 2708
728 2709
728 2710
728 2711
729 6505
729 6506
729 6507
729 6508
729 6509
729 2240
730 1949
730 6534
730 6535
730 6536
730 899
730 1870
731 4842
731 4843
731 4844
731 4845
731 4846
731 4847
731 4848
732 3124
732 5992
732 5993
732 5994
732 5995
732 5996
733 8602
733 8603
733 8604
733 8605
733 8606
734 3959
734 3960
734 3961
734 3962
734 3963
734 3964
734 3965
734 3966
735 4835
735 4836
735 4837
735 4838
735 4839
735 4840
735 4841
736 4831
736 2826
736 4832
736 1130
736 325
736 4833
736 4834
737 7318
737 8561
737 8562
737 8563
737 8564
738 664
738 665
738 666
738 436
738 667
738 668
738 669
738 670
738 671
738 672
738 673
738 674
738 675
738 676
738 677
738 678
738 679
738 680
739 7120
739 7121
739 7122
739 7123
739 7124
739 7125
740 4226
740 4227
740 4228
740 4229
740 4230
740 4231
740 4232
740 4233
741 7100
741 7101
741 7102
741 7103
741 7104
741 7105
742 4817
742 4818
742 4819
742 4820
742 4821
742 4822
742 4823
743 1028
743 1029
743 1030
743 1031
743 1032
743 1033
743 1034
743 1035
743 1036
743 899
743 1037
743 1038
743 1039
743 1040
744 3313
744 3314
744 3315
744 3316
744 3317
744 3318
744 3319
744 3320
744 3321
745 1124
745 7024
745 5235
745 7025
745 7026
745 5060
746 6422
746 41
746 6423
746 3290
746 2422
746 6424
747 1545
747 8663
747 8664
747 8665
747 8666
748 6917
748 6918
748 3324
748 6919
748 6920
748 6921
749 6746
749 8676
749 8677
749 8678
749 8679
750 8462
750 8463
750 509
750 8464
750 1104
751 8374
751 8375
751 8376
751 693
751 8377
752 8389
752 8390
752 8391
752 8392
752 8393
753 2281
753 2282
753 2283
753 2284
753 2285
753 2286
753 2287
753 2288
753 2289
753 2290
754 827
754 3906
754 3907
754 3908
754 3909
754 2079
754 1831
754 3910
755 4776
755 4777
755 633
755 4778
755 4779
755 4780
755 4781
756 4959
756 1501
756 1590
756 4960
756 4961
756 4962
756 4963
757 5153
757 5043
757 5154
757 5155
757 2032
757 4014
757 5156
758 6860
758 6861
758 1762
758 1581
758 2028
758 175
759 8428
759 8429
759 8430
759 6891
759 8431
760 8382
760 8383
760 8384
760 8385
760 8386
761 5147
761 1493
761 5148
761 5149
761 5150
761 5151
761 5152
762 6709
762 6710
762 6711
762 6712
762 6713
762 6714
763 2952
763 6835
763 6836
763 6837
763 6838
763 5251
764 6817
764 6818
764 6819
764 6820
764 6821
764 4058
765 872
765 873
765 874
765 875
765 876
765 877
765 878
765 879
765 880
765 881
765 882
765 883
765 884
765 885
765 886
765 887
766 6795
766 6796
766 824
766 6797
766 6798
766 6799
767 6202
767 7031
767 7032
767 7033
767 7034
767 7035
768 5138
768 5139
768 892
768 5140
768 5141
768 5142
768 5143
769 5125
769 5126
769 5127
769 5128
769 5129
769 5130
769 5131
770 1262
770 1263
770 1264
770 1265
770 1266
770 1267
770 1268
770 1269
770 1270
770 1271
770 1272
770 1273
770 1274
771 7261
771 1245
771 7262
771 7263
771 7264
771 7265
772 4002
772 4003
772 4004
772 362
772 4005
772 2560
772 4006
772 4007
773 12
773 1723
773 1724
773 1725
773 1726
773 1727
773 1728
773 1729
773 1730
773 1731
773 1732
774 3911
774 3912
774 255
774 3913
774 3914
774 3915
774 3916
774 3917
775 2196
775 2197
775 2198
775 2199
775 2200
775 2201
775 1835
775 2202
775 2203
775 2204
776 2214
776 1760
776 2215
776 2216
776 2217
776 2218
776 2219
776 2220
776 2221
776 2222
777 2202
777 4862
777 5526
777 7051
777 7052
777 7053
778 7115
778 7116
778 7117
778 7118
778 7119
778 1507
779 3074
779 3075
779 3076
779 3077
779 3078
779 3079
779 3080
779 3081
779 3082
780 5108
780 5109
780 5110
780 5111
780 5112
780 5113
780 5114
781 5102
781 5103
781 5104
781 5105
781 5106
781 2956
781 5107
782 6692
782 6693
782 6694
782 6695
782 6696
782 6697
783 5083
783 5084
783 5085
783 5086
783 5087
783 5088
783 5089
784 6212
784 6213
784 6214
784 5436
784 6215
784 6216
785 2998
785 2999
785 3000
785 3001
785 3002
785 3003
785 3004
785 3005
785 3006
786 698
786 699
786 700
786 701
786 702
786 703
786 704
786 705
786 706
786 707
786 708
786 709
786 710
786 711
786 712
786 713
786 714
787 5066
787 369
787 368
787 5067
787 5068
787 5069
787 5070
788 6272
788 6273
788 1189
788 6274
788 6275
788 6276
789 10
789 1641
789 1642
789 1643
789 1644
789 1645
789 1646
789 1647
789 1648
789 1649
789 1650
790 6050
790 6051
790 6052
790 6053
790 6054
790 6055
791 1661
791 1662
791 628
791 1663
791 1664
791 1665
791 1625
791 1666
791 1667
791 1668
791 1669
792 6025
792 6026
792 6027
792 3786
792 6028
792 6029
793 5060
793 5061
793 5062
793 4769
793 5063
793 5064
793 5065
794 5054
794 5055
794 5056
794 1782
794 5057
794 5058
794 5059
795 3138
795 3139
795 2852
795 3140
795 3141
795 3142
795 3143
795 3144
795 3145
796 5048
796 5049
796 5050
796 1760
796 5051
796 5052
796 5053
797 5983
797 1260
797 5983
797 5984
797 5985
797 5986
798 5037
798 5038
798 5039
798 5040
798 5041
798 5042
798 5043
799 493
799 6079
799 6080
799 6081
799 6082
799 6083
800 4092
800 4093
800 4094
800 4095
800 4096
800 4097
800 4098
800 4099
801 1701
801 1702
801 1703
801 1704
801 1705
801 1706
801 1707
801 1708
801 1709
801 1710
801 1711
802 6537
802 1546
802 296
802 6538
802 6539
802 6540
803 1937
803 1938
803 1939
803 1940
803 1941
803 1942
803 1943
803 1944
803 1945
803 1833
803 1946
804 4985
804 4986
804 4987
804 4988
804 4989
804 4990
804 4991
805 2578
805 1641
805 2579
805 2580
805 2489
805 2533
805 2581
805 2582
805 2583
805 2584
806 8517
806 8518
806 8519
806 8520
806 8521
807 6659
807 6660
807 6661
807 6662
807 6663
807 6664
808 8459
808 8460
808 3299
808 8461
808 2616
809 1834
809 1835
809 1836
809 1837
809 1838
809 1839
809 1840
809 1841
809 1842
809 1843
809 1844
810 8504
810 8505
810 8506
810 8507
810 8508
811 4161
811 4162
811 4163
811 4164
811 4165
811 4166
811 4167
811 4168
812 6346
812 6347
812 6348
812 6349
812 6350
812 6351
813 8659
813 4061
813 8660
813 8661
813 8662
814 6410
814 6411
814 6412
814 6413
814 6414
814 6415
815 6377
815 6378
815 5101
815 3934
815 6379
815 6380
816 1979
816 1980
816 1981
816 1982
816 1983
816 1984
816 1985
816 1986
816 1987
816 1988
816 1989
817 2996
817 6460
817 6461
817 117
817 6462
817 6463
818 4017
818 5096
818 5097
818 5098
818 5099
818 5100
818 5101
819 6440
819 6441
819 6442
819 6443
819 6444
819 6445
820 6431
820 6432
820 2359
820 6433
820 6434
820 6435
821 17
821 7391
821 7392
821 7393
821 2451
821 7394
822 8632
822 8633
822 8634
822 8635
822 8636
823 8290
823 8291
823 8292
823 8293
823 8294
823 8295
824 4008
824 4009
824 4010
824 3521
824 4011
824 1089
824 3731
824 4012
825 8307
825 8308
825 5854
825 5710
825 8309
825 2790
826 889
826 8570
826 8571
826 8572
826 8573
827 611
827 7446
827 8238
827 8239
827 8240
827 8241
828 8173
828 8174
828 3641
828 5105
828 3304
828 8175
829 8671
829 8672
829 8673
829 8674
829 8675
830 2334
830 2335
830 2336
830 2337
830 2338
830 2339
830 2340
830 2341
830 2342
830 2343
831 3901
831 3902
831 1803
831 633
831 3903
831 3904
831 3240
831 3905
832 2316
832 2317
832 2318
832 2319
832 2320
832 2321
832 2322
832 2323
832 2324
832 2325
833 2381
833 2382
833 2383
833 2384
833 2385
833 2386
833 2387
833 2388
833 2389
833 2390
834 8491
834 8492
834 8493
834 8494
834 8495
835 4018
835 8259
835 8260
835 4388
835 8261
835 8262
836 4861
836 4862
836 4863
836 4864
836 966
836 4865
836 4866
837 4895
837 4896
837 1466
837 4897
837 4898
837 4899
837 4900
838 8248
838 8249
838 8250
838 8251
838 8252
838 8253
839 8201
839 2945
839 472
839 8202
839 1887
839 8203
840 2001
840 2002
840 2003
840 2004
840 2005
840 2006
840 2007
840 2008
840 2009
840 2010
840 2011
841 5493
841 5494
841 5495
841 5496
841 5497
841 5498
841 5499
842 7627
842 7628
842 7629
842 4447
842 7630
842 7631
843 7616
843 7617
843 7618
843 7619
843 7620
843 6380
844 7605
844 7606
844 7607
844 7608
844 7609
844 3215
845 7187
845 7581
845 5293
845 2891
845 7582
845 7583
846 3594
846 3595
846 3596
846 3597
846 3598
846 3599
846 3600
846 3601
847 7698
847 7699
847 7700
847 7701
847 7334
847 7702
848 2042
848 2043
848 2044
848 2045
848 2046
848 2047
848 2048
848 2049
848 2050
848 2051
848 2052
849 2391
849 2392
849 2393
849 2394
849 2395
849 2396
849 2397
849 2398
849 2399
849 2400
850 1566
850 1567
850 1568
850 1569
850 1570
850 1571
850 1572
850 1573
850 1574
850 1575
850 1576
850 1577
851 2419
851 2420
851 2421
851 2422
851 2423
851 2424
851 2425
851 2426
851 2427
851 2428
852 7694
852 4014
852 7695
852 7696
852 1945
852 7697
853 1957
853 7677
853 2597
853 2599
853 7678
853 7679
854 3751
854 802
854 5266
854 5267
854 2007
854 1016
854 5268
855 7420
855 7421
855 7422
855 7423
855 6771
855 7424
856 7406
856 7407
856 7408
856 7409
856 5448
856 7410
857 7468
857 6717
857 4388
857 7469
857 7470
857 7471
858 3647
858 3648
858 3649
858 802
858 3650
858 1960
858 3651
858 2950
859 7478
859 7479
859 4961
859 7480
859 7481
859 1503
860 958
860 959
860 960
860 961
860 962
860 963
860 964
860 965
860 966
860 967
860 968
860 969
860 970
860 971
860 972
861 7522
861 7523
861 7524
861 713
861 7525
861 7526
862 5314
862 447
862 5315
862 2383
862 1062
862 5316
862 5317
863 3033
863 3034
863 3035
863 3036
863 3037
863 3038
863 3039
863 3040
863 3041
864 3777
864 3778
864 3779
864 3780
864 3781
864 3782
864 3191
864 3783
865 7527
865 7528
865 1503
865 7529
865 2349
865 7530
866 755
866 2240
866 3415
866 3416
866 3417
866 3418
866 3419
866 3420
867 3411
867 7983
867 2581
867 7984
867 3002
867 7985
868 5329
868 5330
868 5331
868 5332
868 1272
868 5333
868 5334
869 4151
869 7969
869 6032
869 7970
869 7971
869 7972
870 7944
870 7945
870 7946
870 7947
870 7948
870 7949
871 7938
871 7939
871 7940
871 7941
871 7942
871 7943
872 8468
872 8469
872 8470
872 8471
872 8472
873 7995
873 7996
873 7997
873 7998
873 7999
873 8000
874 8443
874 8444
874 8445
874 8446
874 8447
875 4314
875 8451
875 8452
875 8453
875 8454
876 8049
876 8050
876 8051
876 8052
876 8053
876 8054
877 8424
877 8425
877 3006
877 8426
877 8427
878 4685
878 4686
878 4687
878 4688
878 4689
878 4690
878 4691
879 4692
879 4693
879 4694
879 4695
879 2160
879 4696
879 4697
880 1189
880 8366
880 8367
880 8368
880 8369
881 4678
881 4679
881 4680
881 4681
881 4682
881 4683
881 4684
882 394
882 822
882 8027
882 8028
882 8029
882 8030
883 8691
883 2202
883 8692
883 8693
883 8694
884 1042
884 8700
884 8701
884 8702
884 3275
885 2695
885 2696
885 2697
885 2698
885 2699
885 2700
885 2701
885 2702
885 2703
886 2645
886 2646
886 2647
886 2648
886 2649
886 2650
886 2651
886 2652
886 2653
887 4698
887 4699
887 4700
887 4701
887 4702
887 22
887 4703
888 3814
888 3815
888 3636
888 3816
888 3817
888 3818
888 3818
888 3819
889 8539
889 8540
889 8541
889 8542
889 8543
890 8544
890 3649
890 8545
890 8546
890 6074
891 7839
891 7840
891 7841
891 7841
891 7842
891 7843
892 3219
892 4600
892 4601
892 4602
892 2271
892 4603
892 4604
893 8074
893 899
893 8555
893 8556
893 553
894 2012
894 2013
894 2014
894 2015
894 2016
894 2017
894 2018
894 2019
894 2020
894 2021
894 2022
895 4671
895 4672
895 4673
895 4674
895 4675
895 4676
895 4677
896 6515
896 7895
896 7896
896 7897
896 7898
896 7899
897 8607
897 8608
897 8609
897 8610
897 8611
898 8619
898 7976
898 8620
898 3641
898 8476
899 8621
899 8622
899 8623
899 7314
899 8624
900 7845
900 7846
900 7847
900 5887
900 7848
900 7849
901 4553
901 2445
901 4554
901 2273
901 318
901 4555
901 886
902 7866
902 1782
902 7867
902 7868
902 7869
902 7870
903 7774
903 7775
903 7776
903 6234
903 7777
903 7778
904 2178
904 2179
904 2180
904 2057
904 2181
904 2182
904 2183
904 2184
904 2185
904 2186
905 4496
905 4497
905 4498
905 4499
905 4500
905 4501
905 4502
906 4570
906 4571
906 4572
906 4573
906 4574
906 4575
906 4576
907 3171
907 3172
907 3173
907 3174
907 3175
907 3176
907 3177
907 3178
907 3179
908 931
908 932
908 933
908 934
908 40
908 935
908 936
908 937
908 59
908 938
908 939
908 940
908 941
908 942
908 943
909 7555
909 7556
909 7557
909 7558
909 7559
909 7560
910 5260
910 1622
910 5261
910 5262
910 5263
910 5264
910 5265
911 1405
911 1406
911 1407
911 1408
911 1409
911 1410
911 1411
911 1412
911 1413
911 1414
911 1415
911 1416
912 5429
912 5430
912 5431
912 5432
912 1642
912 5433
912 1322
913 8121
913 8122
913 8123
913 4410
913 4410
913 8124
914 2825
914 2826
914 2827
914 2828
914 2829
914 2830
914 2831
914 2832
914 2833
915 3689
915 8188
915 812
915 6090
915 1929
915 8189
916 3857
916 3858
916 3859
916 3860
916 3861
916 3862
916 1779
916 2852
917 8125
917 8126
917 8127
917 8128
917 8129
917 8130
918 5115
918 1927
918 5116
918 5117
918 5118
918 5119
918 5120
919 8269
919 1451
919 8270
919 8271
919 2453
919 8272
920 4154
920 4155
920 4156
920 1590
920 4157
920 4158
920 4159
920 4160
921 2053
921 2054
921 2055
921 2056
921 2057
921 2058
921 1620
921 2059
921 2060
921 2061
921 2062
922 4017
922 4018
922 4019
922 4020
922 1259
922 4021
922 4022
922 4023
923 5030
923 5031
923 5032
923 5033
923 5034
923 5035
923 5036
924 224
924 5044
924 5045
924 316
924 5046
924 397
924 5047
925 4139
925 4140
925 4141
925 4142
925 4143
925 4144
925 4145
925 4146
926 1621
926 1622
926 1623
926 1624
926 1316
926 1625
926 1626
926 1627
926 1628
926 1629
926 1630
927 6176
927 3787
927 6177
927 6178
927 6179
927 6180
928 5090
928 2028
928 5091
928 5092
928 5093
928 5094
928 5095
929 4204
929 4205
929 45
929 4206
929 4207
929 4208
929 4209
929 4210
930 681
930 682
930 683
930 684
930 685
930 686
930 687
930 688
930 689
930 690
930 691
930 692
930 693
930 694
930 695
930 696
930 697
931 7205
931 2359
931 5354
931 7206
931 7207
931 7208
932 7376
932 7377
932 7378
932 2633
932 7379
932 1944
933 443
933 444
933 445
933 446
933 447
933 448
933 449
933 450
933 451
933 452
933 453
933 454
933 455
933 456
933 457
933 458
933 459
933 460
933 461
933 462
933 237
933 463
933 464
933 465
933 466
934 3276
934 3277
934 3278
934 3279
934 3280
934 3281
934 3282
934 3283
934 3284
935 511
935 512
935 513
935 514
935 515
935 516
935 517
935 518
935 519
935 520
935 521
935 522
935 523
935 524
935 525
935 526
935 527
935 528
935 529
935 530
935 531
935 532
936 6944
936 6945
936 6946
936 6947
936 6948
936 6949
937 4796
937 4797
937 4798
937 4799
937 4800
937 4801
937 4802
938 40
938 6790
938 6791
938 6792
938 6793
938 6794
939 3980
939 3981
939 3982
939 3983
939 3984
939 3985
939 3986
939 3987
940 6479
940 6480
940 1277
940 6481
940 6482
940 6483
941 6319
941 5984
941 6320
941 6321
941 6322
941 2634
942 1591
942 7299
942 480
942 7300
942 7301
942 7302
943 933
943 2848
943 2849
943 2850
943 2851
943 2852
943 2853
943 2854
943 2855
944 2840
944 2841
944 2842
944 2843
944 2844
944 596
944 2845
944 2846
944 2847
945 1511
945 6910
945 4765
945 6911
945 6912
945 3174
946 7027
946 391
946 7028
946 1453
946 7029
946 7030
947 2439
947 2440
947 2441
947 2442
947 2443
947 2444
947 2445
947 2446
947 2447
947 2448
948 902
948 903
948 904
948 905
948 906
948 907
948 908
948 909
948 910
948 911
948 912
948 913
948 914
948 915
948 916
949 1772
949 1773
949 1774
949 1775
949 1776
949 1777
949 1778
949 1778
949 1779
949 1780
949 1781
950 6800
950 6801
950 1727
950 6802
950 6803
950 3551
951 4369
951 599
951 4370
951 4371
951 4372
951 2383
951 4373
951 4374
952 2468
952 2469
952 2470
952 2471
952 2472
952 2473
952 2474
952 1945
952 2475
952 2476
953 7283
953 7284
953 7285
953 7286
953 7287
953 7288
954 5459
954 5460
954 5461
954 5462
954 1580
954 5463
954 5464
955 7209
955 7210
955 7211
955 7212
955 4343
955 7213
956 3806
956 3807
956 3808
956 3809
956 3810
956 3811
956 3812
956 3813
957 7143
957 7144
957 7145
957 7146
957 7147
957 7148
958 6207
958 6208
958 6209
958 6210
958 6211
958 2976
959 5522
959 3562
959 5523
959 5524
959 5525
959 5526
959 5527
960 2934
960 2935
960 2936
960 2937
960 2938
960 2939
960 2940
960 2941
960 2942
961 5550
961 5551
961 5552
961 5553
961 1862
961 3206
961 5554
962 2371
962 2372
962 2373
962 2374
962 2375
962 2376
962 2377
962 2378
962 2379
962 2380
963 6089
963 6089
963 6090
963 6091
963 6092
963 65
964 6510
964 6511
964 6512
964 6513
964 6514
964 6515
965 2902
965 2903
965 2904
965 2905
965 2906
965 2907
965 2908
965 2909
965 2910
966 6521
966 6522
966 1509
966 6523
966 6524
966 6525
967 472
967 2401
967 2402
967 2403
967 2404
967 2405
967 2406
967 2407
967 2408
967 2409
968 6670
968 6671
968 6672
968 6673
968 6674
968 6675
969 3710
969 3711
969 3712
969 3713
969 3714
969 3715
969 3716
969 3717
970 5221
970 5222
970 5223
970 5224
970 5225
970 5226
970 886
971 6399
971 6400
971 2210
971 6401
971 6402
971 6403
972 2620
972 2621
972 2622
972 2076
972 2623
972 2624
972 2625
972 2626
972 2627
973 3651
973 6381
973 6382
973 666
973 6383
973 6384
974 6363
974 6364
974 4848
974 6365
974 6366
974 6367
975 3538
975 3539
975 131
975 3540
975 3541
975 3542
975 3543
975 3544
976 3640
976 3641
976 1529
976 3642
976 3643
976 3644
976 3645
976 3646
977 1580
977 1760
977 3410
977 3411
977 3412
977 1817
977 3413
977 3414
978 3397
978 3398
978 3399
978 2232
978 3400
978 3401
978 3402
978 3403
979 8163
979 8164
979 6442
979 8165
979 8166
979 886
980 8222
980 8223
980 8224
980 8225
980 8226
980 8227
981 4234
981 4235
981 4236
981 4237
981 4238
981 4239
981 2662
981 4240
982 7643
982 7644
982 7645
982 7646
982 7647
982 7648
983 3559
983 3560
983 3561
983 3562
983 3563
983 3564
983 3565
983 3566
984 3329
984 3330
984 3331
984 3332
984 3333
984 3308
984 3334
984 3335
984 3335
985 4648
985 4223
985 4649
985 2947
985 4650
985 4651
985 4652
986 7671
986 7672
986 7673
986 7674
986 7675
986 7676
987 2504
987 2505
987 2506
987 2507
987 2508
987 2509
987 2510
987 2511
987 2512
987 2513
988 3390
988 3391
988 3392
988 3393
988 103
988 3394
988 3395
988 3396
989 4521
989 4522
989 4523
989 4524
989 4525
989 4526
989 4527
990 1275
990 1276
990 1277
990 1278
990 1279
990 1280
990 1281
990 1282
990 1283
990 1284
990 1285
990 1286
990 1287
991 7914
991 7915
991 7916
991 7917
991 7918
991 7919
992 1590
992 88
992 1591
992 65
992 1592
992 1593
992 1594
992 1595
992 1596
992 1597
992 1598
992 1599
993 7753
993 7754
993 5025
993 7755
993 135
993 7756
994 7829
994 7830
994 7831
994 7832
994 7833
994 7834
995 1674
995 3887
995 2685
995 4583
995 4584
995 4585
995 4586
996 3192
996 3193
996 3194
996 3195
996 3196
996 2210
996 3197
996 3198
996 3199
997 7904
997 7905
997 238
997 7906
997 7712
997 783
998 7990
998 7991
998 7992
998 3185
998 7993
998 7994
999 2081
999 2082
999 2032
999 2083
999 2084
999 2085
999 2086
999 2087
999 2088
999 2089
1000 3488
1000 3489
1000 3490
1000 3491
1000 3492
1000 3233
1000 3493
1000 3494
1001 3552
1001 1259
1001 3553
1001 3554
1001 3555
1001 3556
1001 3557
1001 3558
1002 8195
1002 8196
1002 8197
1002 8198
1002 8199
1002 8200
1003 6500
1003 1944
1003 6501
1003 6502
1003 6503
1003 6504
1004 5864
1004 5865
1004 3539
1004 5866
1004 5867
1004 5868
1004 5869
1005 6201
1005 6202
1005 6203
1005 6204
1005 6205
1005 6206
1006 3345
1006 7359
1006 7360
1006 7361
1006 6580
1006 7362
1007 5619
1007 5620
1007 5621
1007 5622
1007 5623
1007 5624
1007 5625
1008 2800
1008 2801
1008 2802
1008 2803
1008 2804
1008 2805
1008 2806
1008 372
1008 2807
1009 4290
1009 4291
1009 4292
1009 643
1009 1081
1009 4293
1009 4294
1009 4295
1010 5579
1010 5713
1010 5714
1010 5715
1010 5716
1010 5717
1010 5718
1011 2777
1011 5987
1011 5988
1011 5989
1011 5990
1011 5991
1012 2982
1012 2983
1012 1585
1012 2984
1012 2985
1012 2986
1012 293
1012 2987
1012 2988
1013 6895
1013 6896
1013 6897
1013 6898
1013 6394
1013 6899
1014 748
1014 749
1014 750
1014 751
1014 752
1014 753
1014 754
1014 755
1014 756
1014 757
1014 758
1014 759
1014 760
1014 761
1014 762
1014 763
1014 764
1015 7293
1015 7294
1015 7295
1015 7296
1015 7297
1015 7298
1016 3652
1016 7257
1016 7258
1016 4147
1016 7259
1016 7260
1017 3101
1017 3102
1017 3103
1017 3104
1017 3105
1017 3106
1017 3107
1017 3108
1017 3109
1018 6045
1018 6046
1018 6047
1018 6048
1018 6049
1018 5148
1019 1681
1019 1682
1019 1683
1019 1684
1019 1685
1019 633
1019 1686
1019 1687
1019 1688
1019 1689
1019 1690
1020 1324
1020 1325
1020 1326
1020 1327
1020 1328
1020 1329
1020 1330
1020 1331
1020 1332
1020 1333
1020 1334
1020 1335
1021 6555
1021 6556
1021 6128
1021 6557
1021 6558
1021 6559
1022 4433
1022 8176
1022 8177
1022 8178
1022 8179
1022 5300
1023 5838
1023 5839
1023 5840
1023 1395
1023 5841
1023 5842
1023 5843
1024 5870
1024 5871
1024 5872
1024 5873
1024 5874
1024 5875
1024 5876
1025 7709
1025 7710
1025 2106
1025 7711
1025 7712
1025 7713
1026 7680
1026 7347
1026 287
1026 7681
1026 7682
1026 3930
1027 7432
1027 7433
1027 7434
1027 7435
1027 7436
1027 7437
1028 7545
1028 7546
1028 7547
1028 7548
1028 7549
1028 7550
1029 8040
1029 8041
1029 8042
1029 8043
1029 2918
1029 8044
1030 782
1030 783
1030 784
1030 785
1030 786
1030 787
1030 788
1030 789
1030 790
1030 791
1030 792
1030 793
1030 794
1030 795
1030 796
1030 797
1030 798
1031 7482
1031 7483
1031 7484
1031 7485
1031 7486
1031 602
1032 2878
1032 2879
1032 2880
1032 2881
1032 2882
1032 2883
1032 2884
1032 2885
1032 2886
1033 6455
1033 1425
1033 6456
1033 6457
1033 6458
1033 6459
1034 4169
1034 4170
1034 4171
1034 4172
1034 4173
1034 4174
1034 4175
1034 4176
1035 4177
1035 4178
1035 4179
1035 4180
1035 4181
1035 4182
1035 2732
1035 4183
1036 7363
1036 2264
1036 3750
1036 5429
1036 7364
1036 734
1037 6698
1037 6699
1037 1287
1037 6700
1037 6701
1037 6702
1038 2242
1038 2243
1038 2244
1038 2245
1038 2246
1038 2247
1038 2248
1038 2249
1038 2250
1038 2251
1039 6961
1039 6962
1039 6963
1039 6964
1039 4159
1039 1062
1040 6729
1040 6730
1040 6731
1040 6732
1040 6733
1040 6734
1041 1581
1041 3945
1041 3946
1041 3947
1041 443
1041 3948
1041 3949
1041 3950
1042 7313
1042 7314
1042 7315
1042 7316
1042 7317
1042 1147
1043 2232
1043 2233
1043 2234
1043 2235
1043 2236
1043 2237
1043 2238
1043 2239
1043 2240
1043 2241
1044 6333
1044 2453
1044 6334
1044 6335
1044 1006
1044 1445
1045 6905
1045 6906
1045 6907
1045 6908
1045 6909
1045 4217
1046 4249
1046 4250
1046 4251
1046 287
1046 4252
1046 4253
1046 4254
1046 4255
1047 6366
1047 6980
1047 6981
1047 6982
1047 6983
1047 6984
1048 3798
1048 3799
1048 3800
1048 3801
1048 3802
1048 3803
1048 3804
1048 3805
1049 6187
1049 6188
1049 6189
1049 1046
1049 6190
1049 225
1050 2863
1050 1996
1050 2864
1050 2865
1050 2866
1050 2867
1050 2868
1050 2869
1050 2870
1051 6358
1051 6359
1051 6360
1051 6361
1051 1682
1051 6362
1052 3065
1052 3066
1052 3067
1052 3068
1052 3069
1052 3070
1052 3071
1052 3072
1052 3073
1053 1555
1053 1556
1053 1557
1053 1558
1053 1559
1053 1560
1053 1561
1053 1562
1053 760
1053 1563
1053 1564
1053 1565
1054 6475
1054 6476
1054 6477
1054 497
1054 6478
1054 886
1055 573
1055 574
1055 575
1055 576
1055 577
1055 578
1055 579
1055 120
1055 580
1055 581
1055 582
1055 583
1055 584
1055 585
1055 586
1055 587
1055 588
1055 589
1055 590
1056 3244
1056 3245
1056 3246
1056 3247
1056 3248
1056 391
1056 3249
1056 3250
1056 3251
1057 5857
1057 5858
1057 5859
1057 5860
1057 5861
1057 5862
1057 5863
1058 5893
1058 5894
1058 5895
1058 5896
1058 3006
1058 5897
1058 5898
1059 8058
1059 8059
1059 8060
1059 8061
1059 8062
1059 8063
1060 5889
1060 5890
1060 5891
1060 5892
1060 65
1060 1259
1060 3934
1061 3200
1061 3201
1061 3202
1061 3203
1061 3204
1061 3205
1061 3206
1061 3207
1061 3208
1062 4147
1062 4148
1062 4149
1062 3991
1062 4150
1062 4151
1062 4152
1062 4153
1063 2291
1063 2292
1063 2293
1063 2294
1063 2295
1063 2296
1063 2297
1063 2298
1063 2299
1063 2300
1064 2209
1064 4605
1064 4606
1064 3006
1064 4607
1064 4608
1064 4609
1065 2072
1065 1590
1065 2073
1065 2074
1065 2075
1065 2076
1065 2077
1065 2078
1065 2079
1065 2080
1066 7511
1066 1101
1066 7512
1066 7513
1066 7514
1066 7515
1067 4326
1067 4327
1067 4328
1067 4329
1067 4330
1067 4331
1067 4332
1067 4333
1068 7401
1068 7402
1068 7403
1068 4731
1068 7404
1068 7405
1069 2246
1069 7451
1069 6830
1069 7452
1069 7453
1069 7454
1070 2138
1070 2139
1070 2140
1070 2141
1070 2142
1070 2143
1070 2144
1070 2145
1070 2146
1070 2147
1071 3545
1071 3546
1071 1816
1071 3547
1071 3548
1071 3549
1071 3550
1071 3551
1072 8104
1072 8105
1072 8106
1072 8107
1072 8108
1072 8109
1073 5283
1073 5284
1073 5285
1073 5286
1073 5287
1073 3907
1073 1677
1074 6436
1074 6437
1074 6438
1074 3085
1074 6439
1074 120
1075 6446
1075 1919
1075 6447
1075 3408
1075 6015
1075 6448
1076 6616
1076 6617
1076 6618
1076 6619
1076 6620
1076 6621
1077 3602
1077 3603
1077 3604
1077 3605
1077 3606
1077 3607
1077 3608
1077 3609
1078 6243
1078 6244
1078 6245
1078 2120
1078 6246
1078 6247
1079 6260
1079 6261
1079 6262
1079 6263
1079 6264
1079 6265
1080 5447
1080 5448
1080 5449
1080 5450
1080 5451
1080 5452
1080 5453
1081 7036
1081 7037
1081 7038
1081 4727
1081 7039
1081 7040
1082 5409
1082 5410
1082 5411
1082 5412
1082 5413
1082 5414
1082 5415
1083 5392
1083 5393
1083 5394
1083 5395
1083 1503
1083 4120
1083 5396
1084 533
1084 7021
1084 7022
1084 1944
1084 7023
1084 3302
1085 7303
1085 7304
1085 7305
1085 7306
1085 7307
1085 7308
1086 2118
1086 2119
1086 2120
1086 2121
1086 2122
1086 2123
1086 2124
1086 2125
1086 2126
1086 2127
1087 6368
1087 6369
1087 2032
1087 6370
1087 5680
1087 6371
1088 799
1088 800
1088 498
1088 257
1088 801
1088 802
1088 803
1088 258
1088 804
1088 801
1088 805
1088 806
1088 807
1088 808
1088 809
1088 810
1089 6750
1089 5602
1089 6751
1089 6752
1089 6753
1089 6754
1090 7318
1090 7319
1090 7320
1090 3782
1090 7321
1090 7322
1091 6314
1091 3074
1091 6315
1091 6316
1091 6317
1091 6318
1092 5005
1092 5006
1092 5007
1092 5008
1092 5009
1092 5010
1092 5011
1093 5023
1093 5024
1093 5025
1093 5026
1093 5027
1093 5028
1093 5029
1094 7493
1094 7494
1094 7495
1094 7496
1094 7497
1094 7498
1095 7782
1095 7783
1095 7784
1095 7785
1095 7786
1095 7787
1096 3352
1096 3353
1096 3354
1096 3355
1096 3356
1096 3357
1096 3358
1096 3359
1096 3360
1097 7875
1097 7876
1097 2174
1097 7877
1097 7878
1097 7879
1098 7854
1098 7855
1098 7856
1098 7857
1098 7858
1098 7859
1099 5555
1099 5556
1099 5557
1099 5558
1099 3780
1099 5559
1099 5560
1100 4084
1100 4085
1100 4086
1100 4087
1100 4088
1100 4089
1100 4090
1100 4091
1101 4732
1101 4733
1101 4734
1101 4735
1101 4736
1101 4737
1101 4738
1102 8612
1102 8613
1102 516
1102 8614
1102 8615
1103 1272
1103 1272
1103 82
1103 7844
1103 82
1103 3562
1104 65
1104 8586
1104 8586
1104 8587
1104 8588
1105 8578
1105 8579
1105 8580
1105 8581
1105 8582
1106 944
1106 945
1106 946
1106 947
1106 948
1106 949
1106 950
1106 951
1106 952
1106 951
1106 953
1106 954
1106 955
1106 956
1106 957
1107 7809
1107 7810
1107 7811
1107 7812
1107 7813
1107 1246
1108 7824
1108 7825
1108 5323
1108 7826
1108 7827
1108 7828
1109 5084
1109 2018
1109 8006
1109 8007
1109 8008
1109 8009
1110 4723
1110 4724
1110 4725
1110 4726
1110 1941
1110 2951
1110 4727
1111 3369
1111 3370
1111 3371
1111 3372
1111 3373
1111 3374
1111 394
1111 3375
1112 4657
1112 4658
1112 4659
1112 4660
1112 4661
1112 4662
1112 4663
1113 8473
1113 8474
1113 8066
1113 8475
1113 4393
1114 8448
1114 8449
1114 6439
1114 8450
1114 1625
1115 3625
1115 1062
1115 3626
1115 3627
1115 3628
1115 3629
1115 3630
1115 3631
1116 1968
1116 1969
1116 1970
1116 1971
1116 1972
1116 1973
1116 1974
1116 1975
1116 1976
1116 1977
1116 1978
1117 4763
1117 4764
1117 4765
1117 4766
1117 4767
1117 436
1117 4768
1118 841
1118 842
1118 843
1118 844
1118 166
1118 845
1118 846
1118 847
1118 848
1118 849
1118 850
1118 851
1118 852
1118 853
1118 854
1118 855
1119 7509
1119 5858
1119 4013
1119 5526
1119 7510
1119 5334
1120 3117
1120 3118
1120 2562
1120 993
1120 3119
1120 3120
1120 3121
1120 3122
1120 3123
1121 7536
1121 7537
1121 7538
1121 2957
1121 422
1121 7539
1122 497
1122 3370
1122 2079
1122 895
1122 7425
1122 7426
1123 2032
1123 1636
1123 2033
1123 2034
1123 2035
1123 2036
1123 2037
1123 2038
1123 2039
1123 2040
1123 2041
1124 1714
1124 3703
1124 3704
1124 3705
1124 3706
1124 3707
1124 3708
1124 3709
1125 7656
1125 7657
1125 7658
1125 7659
1125 7660
1125 7661
1126 4936
1126 7653
1126 1538
1126 7364
1126 7654
1126 7655
1127 5202
1127 5203
1127 5204
1127 5205
1127 5206
1127 5207
1127 5208
1128 7566
1128 7567
1128 7568
1128 7569
1128 7570
1128 7571
1129 5486
1129 5487
1129 5488
1129 5489
1129 5490
1129 5491
1129 5492
1130 5434
1130 5435
1130 5436
1130 5437
1130 5438
1130 5439
1130 5440
1131 627
1131 628
1131 629
1131 630
1131 631
1131 632
1131 633
1131 634
1131 635
1131 636
1131 637
1131 638
1131 639
1131 640
1131 641
1131 642
1131 643
1131 644
1131 645
1132 4953
1132 3406
1132 4954
1132 4955
1132 4956
1132 4957
1132 4958
1133 4880
1133 3011
1133 103
1133 4881
1133 4882
1133 4883
1133 4884
1134 1957
1134 1958
1134 1959
1134 1960
1134 1961
1134 1962
1134 1963
1134 1964
1134 1965
1134 1966
1134 1967
1135 4810
1135 4811
1135 4812
1135 4813
1135 4814
1135 4815
1135 4816
1136 8370
1136 1253
1136 8371
1136 8372
1136 8373
1137 3853
1137 8387
1137 971
1137 8388
1137 1627
1138 8404
1138 8405
1138 8406
1138 8407
1138 8408
1139 357
1139 358
1139 359
1139 360
1139 361
1139 362
1139 363
1139 364
1139 365
1139 366
1139 367
1139 368
1139 369
1139 370
1139 371
1139 372
1139 373
1139 374
1139 375
1139 376
1139 377
1139 378
1139 379
1139 380
1139 381
1139 382
1139 383
1139 384
1139 385
1139 386
1139 387
1139 388
1140 4971
1140 4972
1140 4973
1140 4974
1140 4975
1140 4976
1140 4977
1141 1053
1141 1054
1141 1055
1141 1056
1141 1057
1141 1058
1141 1059
1141 1060
1141 1061
1141 1062
1141 1063
1141 1064
1141 1065
1141 1066
1142 743
1142 65
1142 8583
1142 8584
1142 8585
1143 8296
1143 8297
1143 716
1143 8298
1143 8299
1143 8300
1144 8324
1144 8325
1144 8326
1144 8327
1144 8328
1144 8329
1145 4211
1145 4212
1145 1082
1145 4213
1145 4214
1145 4215
1145 4216
1145 4217
1146 8597
1146 8598
1146 8599
1146 8600
1146 8601
1147 4414
1147 8708
1147 8709
1147 8710
1147 8711
1148 6389
1148 2752
1148 1478
1148 6390
1148 6391
1148 6392
1149 8695
1149 8696
1149 8697
1149 8698
1149 8699
1150 5539
1150 4978
1150 5540
1150 3194
1150 3194
1150 5541
1150 5542
1151 6622
1151 6623
1151 6624
1151 6625
1151 6626
1151 6627
1152 4758
1152 1817
1152 4759
1152 4760
1152 4761
1152 1322
1152 4762
1153 4039
1153 4040
1153 4041
1153 4042
1153 4043
1153 4044
1153 4045
1153 4046
1154 2603
1154 2604
1154 2605
1154 2482
1154 487
1154 2606
1154 2607
1154 2608
1154 2609
1154 2610
1155 4992
1155 4993
1155 4994
1155 4995
1155 4996
1155 4997
1155 4998
1156 65
1156 4999
1156 5000
1156 5001
1156 5002
1156 5003
1156 5004
1157 5016
1157 5017
1157 5018
1157 5019
1157 5020
1157 5021
1157 5022
1158 6323
1158 6324
1158 6325
1158 6326
1158 875
1158 6327
1159 6068
1159 6069
1159 6070
1159 2463
1159 6071
1159 6072
1160 450
1160 6102
1160 4272
1160 6103
1160 6104
1160 6105
1161 1677
1161 8522
1161 8523
1161 8524
1161 8525
1162 6248
1162 6249
1162 6250
1162 6251
1162 6252
1162 6253
1163 1000
1163 1001
1163 1002
1163 1003
1163 1004
1163 1005
1163 1006
1163 1007
1163 1008
1163 1009
1163 1010
1163 1011
1163 1012
1163 1013
1164 6181
1164 6182
1164 6183
1164 6184
1164 6185
1164 6186
1165 5077
1165 5078
1165 617
1165 5079
1165 5080
1165 5081
1165 5082
1166 2568
1166 2569
1166 2570
1166 2571
1166 2572
1166 2573
1166 2574
1166 2575
1166 2576
1166 2577
1167 6228
1167 6229
1167 3577
1167 6230
1167 1308
1167 6231
1168 6686
1168 6687
1168 6688
1168 6689
1168 6690
1168 6691
1169 7137
1169 7138
1169 7139
1169 7140
1169 7141
1169 7142
1170 4686
1170 7169
1170 3679
1170 7170
1170 7171
1170 7172
1171 4124
1171 4125
1171 4126
1171 4127
1171 4128
1171 1135
1171 4129
1171 4130
1172 3083
1172 3084
1172 3085
1172 3086
1172 3087
1172 3088
1172 3089
1172 3090
1172 3091
1173 7353
1173 7354
1173 7355
1173 7356
1173 7357
1173 7358
1174 3820
1174 3821
1174 3822
1174 3823
1174 3824
1174 3825
1174 3826
1174 3827
1175 7247
1175 7248
1175 7249
1175 7250
1175 3624
1175 7251
1176 6845
1176 6846
1176 6847
1176 6848
1176 6849
1176 6850
1177 6703
1177 6704
1177 6705
1177 6706
1177 6707
1177 6708
1178 8399
1178 8400
1178 8401
1178 8402
1178 8403
1179 8476
1179 8477
1179 8478
1179 8479
1179 8480
1180 6460
1180 8432
1180 8433
1180 230
1180 8434
1181 3885
1181 3886
1181 3887
1181 3888
1181 3889
1181 3890
1181 3891
1181 3892
1182 3995
1182 6985
1182 6986
1182 6987
1182 6988
1182 6989
1183 4964
1183 4965
1183 4966
1183 4967
1183 4968
1183 4969
1183 4970
1184 6662
1184 8416
1184 8417
1184 8418
1184 8419
1185 3925
1185 2119
1185 3926
1185 3927
1185 3928
1185 3929
1185 3930
1185 3931
1186 8667
1186 8668
1186 8669
1186 2964
1186 8670
1187 7154
1187 6650
1187 7155
1187 7156
1187 7157
1187 7158
1188 418
1188 419
1188 420
1188 421
1188 422
1188 423
1188 424
1188 425
1188 426
1188 427
1188 428
1188 429
1188 430
1188 431
1188 432
1188 433
1188 434
1188 435
1188 436
1188 437
1188 438
1188 439
1188 440
1188 441
1188 442
1189 3322
1189 1032
1189 3323
1189 3324
1189 3325
1189 3326
1189 3325
1189 3327
1189 3328
1190 8649
1190 8650
1190 8651
1190 8652
1190 8653
1191 4824
1191 4825
1191 4826
1191 4827
1191 4828
1191 4829
1191 4830
1192 1886
1192 1887
1192 668
1192 1888
1192 1889
1192 1890
1192 1891
1192 1892
1192 1893
1192 1894
1192 1895
1193 4849
1193 4850
1193 4851
1193 4852
1193 4853
1193 4854
1193 4855
1194 8085
1194 1256
1194 8086
1194 6383
1194 8087
1194 8088
1195 2094
1195 2301
1195 2302
1195 2303
1195 2304
1195 617
1195 2305
1195 2306
1195 2307
1195 2308
1196 633
1196 1148
1196 1149
1196 1150
1196 1151
1196 1152
1196 1153
1196 1154
1196 1155
1196 1156
1196 1157
1196 1158
1196 1159
1197 4901
1197 4902
1197 4903
1197 1827
1197 4904
1197 4905
1197 4906
1198 7132
1198 7133
1198 7134
1198 4762
1198 7135
1198 7136
1199 7241
1199 7242
1199 7243
1199 7244
1199 7245
1199 7246
1200 4920
1200 4921
1200 4922
1200 4923
1200 4924
1200 4925
1200 4926
1201 4933
1201 4934
1201 4935
1201 4936
1201 4937
1201 4938
1201 4939
1202 7059
1202 7060
1202 5419
1202 7061
1202 4015
1202 7062
1203 4241
1203 4242
1203 4243
1203 4244
1203 4245
1203 4246
1203 4247
1203 4248
1204 5967
1204 5968
1204 3127
1204 5969
1204 5970
1204 5971
1205 4946
1205 4947
1205 4948
1205 4949
1205 4950
1205 4951
1205 4952
1206 6878
1206 6879
1206 6880
1206 6881
1206 6882
1206 3267
1207 6873
1207 6874
1207 6875
1207 6876
1207 6877
1207 3108
1208 6996
1208 2596
1208 6997
1208 6998
1208 6996
1208 6999
1209 5379
1209 5380
1209 5381
1209 5382
1209 2634
1209 5383
1209 5384
1210 6856
1210 1332
1210 6857
1210 3840
1210 6858
1210 6859
1211 6767
1211 6768
1211 1445
1211 6769
1211 6770
1211 4518
1212 6735
1212 6736
1212 6737
1212 6738
1212 6739
1212 3638
1213 6839
1213 6840
1213 6841
1213 6842
1213 6843
1213 6844
1214 5441
1214 5442
1214 1135
1214 5443
1214 5444
1214 5445
1214 5446
1215 7231
1215 7232
1215 7233
1215 7234
1215 7235
1215 7236
1216 5454
1216 1442
1216 5455
1216 5456
1216 5457
1216 2458
1216 5458
1217 5465
1217 5466
1217 5467
1217 5468
1217 5468
1217 5469
1217 5470
1218 4481
1218 4482
1218 4483
1218 4484
1218 4485
1218 4486
1218 4487
1218 4488
1219 7077
1219 7078
1219 1308
1219 1308
1219 7079
1219 6413
1220 743
1220 7063
1220 7064
1220 4293
1220 7065
1220 7066
1221 1733
1221 255
1221 72
1221 86
1221 1734
1221 1259
1221 1735
1221 1736
1221 1737
1221 1738
1221 1739
1222 3480
1222 3481
1222 3482
1222 3483
1222 3484
1222 3485
1222 3486
1222 3487
1223 5511
1223 5512
1223 1862
1223 5513
1223 1104
1223 5514
1223 5515
1224 6060
1224 4523
1224 2291
1224 906
1224 6061
1224 6062
1225 6137
1225 2780
1225 6138
1225 2241
1225 6139
1225 6140
1226 5183
1226 5184
1226 5185
1226 5186
1226 5187
1226 5188
1226 5189
1227 6566
1227 6567
1227 6568
1227 6569
1227 6570
1227 6571
1228 320
1228 321
1228 322
1228 323
1228 324
1228 325
1228 326
1228 327
1228 328
1228 329
1228 330
1228 331
1228 332
1228 333
1228 334
1228 335
1228 336
1228 337
1228 338
1228 339
1228 340
1228 341
1228 342
1228 343
1228 344
1228 345
1228 346
1228 347
1228 348
1228 349
1228 350
1228 351
1228 352
1228 353
1228 354
1228 355
1228 356
1229 2808
1229 2809
1229 2810
1229 2811
1229 2812
1229 2813
1229 2814
1229 2815
1229 2816
1230 3383
1230 3384
1230 3385
1230 3386
1230 3387
1230 3388
1230 3389
1230 2126
1231 6425
1231 6426
1231 6427
1231 6428
1231 6429
1231 6430
1232 3297
1232 3298
1232 3299
1232 3300
1232 3301
1232 3302
1232 3303
1232 3304
1232 3305
1233 5301
1233 5302
1233 5303
1233 5304
1233 5305
1233 5306
1233 5307
1234 3725
1234 3726
1234 3727
1234 3728
1234 3729
1234 3730
1234 3731
1234 3732
1235 2531
1235 2532
1235 2533
1235 2534
1235 2535
1235 2536
1235 290
1235 230
1235 2537
1235 2538
1236 1485
1236 1486
1236 1487
1236 1488
1236 1489
1236 1490
1236 1491
1236 1492
1236 1493
1236 1494
1236 1495
1236 1496
1237 3416
1237 8116
1237 8117
1237 8118
1237 8119
1237 8120
1238 5347
1238 1546
1238 5348
1238 5349
1238 5350
1238 5351
1238 5352
1239 4342
1239 1560
1239 4343
1239 4344
1239 4345
1239 4086
1239 4346
1239 643
1240 7649
1240 7650
1240 7651
1240 733
1240 5928
1240 7652
1241 3739
1241 3740
1241 3741
1241 3742
1241 3743
1241 3744
1241 3745
1241 3746
1242 4215
1242 4728
1242 4729
1242 4730
1242 4731
1242 426
1242 4215
1243 3754
1243 7540
1243 7541
1243 7542
1243 7543
1243 7544
1244 4264
1244 104
1244 4265
1244 4266
1244 4267
1244 4268
1244 4269
1244 4270
1245 4467
1245 4468
1245 4469
1245 4470
1245 4471
1245 4472
1245 4473
1245 4474
1246 7907
1246 7908
1246 1397
1246 1835
1246 7909
1246 7910
1247 4062
1247 4063
1247 2855
1247 4064
1247 4065
1247 4066
1247 4067
1247 4068
1248 7860
1248 7861
1248 7862
1248 7863
1248 7864
1248 7865
1249 4131
1249 4132
1249 4133
1249 4134
1249 4135
1249 4136
1249 4137
1249 4138
1250 1521
1250 1522
1250 1523
1250 1524
1250 1525
1250 1526
1250 1527
1250 1528
1250 1529
1250 1530
1250 1531
1250 1532
1251 888
1251 889
1251 890
1251 891
1251 892
1251 893
1251 894
1251 895
1251 896
1251 897
1251 898
1251 899
1251 900
1251 900
1251 901
1251 552
1252 4355
1252 4356
1252 4357
1252 2502
1252 4358
1252 3609
1252 4359
1252 4360
1253 5595
1253 5596
1253 5597
1253 5598
1253 5599
1253 5600
1253 5601
1254 5729
1254 5730
1254 5731
1254 5732
1254 5733
1254 5734
1254 5735
1255 3574
1255 895
1255 3575
1255 3576
1255 3577
1255 3578
1255 3579
1255 3580
1256 8349
1256 8350
1256 8351
1256 8352
1256 8353
1256 8354
1257 3306
1257 3307
1257 3308
1257 3309
1257 3232
1257 1146
1257 3310
1257 3311
1257 3312
1258 1833
1258 6336
1258 6337
1258 6338
1258 6339
1258 6340
1259 3891
1259 6643
1259 6644
1259 6645
1259 6646
1259 6647
1260 3769
1260 3770
1260 3771
1260 3772
1260 3773
1260 3774
1260 3775
1260 3776
1261 1137
1261 470
1261 1138
1261 1139
1261 230
1261 1140
1261 1141
1261 1142
1261 1143
1261 1144
1261 1145
1261 1146
1261 1147
1262 6971
1262 6972
1262 6973
1262 6974
1262 6975
1262 6974
1263 926
1263 2595
1263 2596
1263 2597
1263 2598
1263 2599
1263 2600
1263 2601
1263 2602
1263 307
1264 2834
1264 2835
1264 2836
1264 2837
1264 2838
1264 1193
1264 1193
1264 499
1264 2839
1265 7000
1265 7001
1265 7002
1265 7003
1265 7004
1265 7005
1266 6591
1266 6592
1266 6593
1266 6594
1266 6595
1266 6596
1267 6676
1267 6677
1267 6678
1267 6679
1267 4795
1267 6680
1268 6352
1268 6353
1268 6354
1268 6355
1268 6356
1268 6357
1269 8301
1269 8302
1269 8303
1269 8304
1269 8305
1269 8306
1270 7395
1270 7396
1270 7397
1270 7398
1270 7399
1270 7400
1271 3586
1271 3587
1271 3588
1271 3589
1271 3590
1271 3591
1271 3592
1271 3593
1272 7714
1272 7715
1272 6833
1272 509
1272 7716
1272 7717
1273 6883
1273 6884
1273 6885
1273 6886
1273 6887
1273 6888
1274 5691
1274 4572
1274 5692
1274 5693
1274 5694
1274 5695
1274 5458
1275 5505
1275 5506
1275 4393
1275 5507
1275 5508
1275 5509
1275 5510
1276 5474
1276 2039
1276 5475
1276 5476
1276 5477
1276 5478
1276 5479
1277 4782
1277 4783
1277 4784
1277 4785
1277 4786
1277 4787
1277 4788
1278 8143
1278 8144
1278 8145
1278 8146
1278 8147
1278 8148
1279 8190
1279 2300
1279 8191
1279 8192
1279 8193
1279 8194